0 3208.19 3208.19 2055.82 1488.47 0 -6.92859 -7.11583 4.40015 0.422869 0.778058 -0.464551 -0.831839 0.536648 0.14161 0.359481 0.326549 0.874151 0.133271 -0.530612 0.515385 4032 3024 
1 3208.19 3208.19 2055.82 1488.47 0 4.99293 -9.54535 7.44472 0.0969594 -0.572214 0.814353 0.0129269 0.818863 0.573844 -0.995204 -0.0451125 0.0867934 0.133271 -0.530612 0.515385 4032 3024 
2 3208.19 3208.19 2055.82 1488.47 0 1.18149 -10.757 9.43136 0.527936 -0.153148 0.835362 -0.139903 0.954487 0.263404 -0.837682 -0.25593 0.482482 0.133271 -0.530612 0.515385 4032 3024 
3 3208.19 3208.19 2055.82 1488.47 0 1.44072 -4.62015 -1.82891 -0.671525 -0.136031 -0.728388 -0.73591 0.237252 0.634152 0.0865468 0.961877 -0.259428 0.133271 -0.530612 0.515385 4032 3024 
4 3208.19 3208.19 2055.82 1488.47 0 -1.92407 -2.449 -1.64605 -0.468595 0.219781 -0.855637 -0.868763 0.0610134 0.491456 0.160218 0.973639 0.162347 0.133271 -0.530612 0.515385 4032 3024 
5 3208.19 3208.19 2055.82 1488.47 0 -4.18975 -3.18275 -0.541458 -0.179514 0.515848 -0.837661 -0.945323 0.145225 0.292019 0.272287 0.844281 0.461573 0.133271 -0.530612 0.515385 4032 3024 
6 3208.19 3208.19 2055.82 1488.47 0 -3.29498 -10.0973 8.55259 0.759823 0.326127 0.562415 -0.395818 0.918326 0.00224205 -0.515749 -0.224318 0.826852 0.133271 -0.530612 0.515385 4032 3024 
7 3208.19 3208.19 2055.82 1488.47 0 -5.75044 -8.32849 5.6642 0.755222 0.639128 0.145448 -0.628566 0.76909 -0.115782 -0.185862 -0.00398274 0.982568 0.133271 -0.530612 0.515385 4032 3024 
8 3208.19 3208.19 2055.82 1488.47 0 -2.33369 -10.1126 10.7026 0.719149 0.23391 0.654302 -0.439918 0.882155 0.168151 -0.537864 -0.408765 0.737302 0.133271 -0.530612 0.515385 4032 3024 
9 3208.19 3208.19 2055.82 1488.47 0 -2.85959 -4.58686 -1.35672 -0.356323 0.359047 -0.862624 -0.853766 0.24999 0.456716 0.379629 0.899217 0.217465 0.133271 -0.530612 0.515385 4032 3024 
10 3208.19 3208.19 2055.82 1488.47 0 -0.412835 -10.7047 9.35045 0.64986 0.0447215 0.758737 -0.234342 0.961423 0.144047 -0.723025 -0.271414 0.635271 0.133271 -0.530612 0.515385 4032 3024 
11 3208.19 3208.19 2055.82 1488.47 0 5.24957 -8.04979 3.97521 -0.768884 -0.549856 -0.326306 -0.638897 0.640717 0.425785 -0.0250505 0.535855 -0.843938 0.133271 -0.530612 0.515385 4032 3024 
12 3208.19 3208.19 2055.82 1488.47 0 6.69065 -8.90135 7.49207 -0.216571 -0.725934 0.652777 -0.292479 0.686179 0.666044 -0.931425 -0.0466778 -0.360927 0.133271 -0.530612 0.515385 4032 3024 
13 3208.19 3208.19 2055.82 1488.47 0 6.94861 -6.08147 3.02387 -0.579699 -0.776674 0.246426 -0.192358 0.42432 0.884845 -0.7918 0.465542 -0.395377 0.133271 -0.530612 0.515385 4032 3024 
14 3208.19 3208.19 2055.82 1488.47 0 -6.36972 -7.56281 8.95662 0.45148 0.787002 -0.420468 -0.562726 0.616836 0.55032 0.692463 -0.0118504 0.721356 0.133271 -0.530612 0.515385 4032 3024 
15 3208.19 3208.19 2055.82 1488.47 0 -4.5601 -0.224996 0.806765 -0.0980556 0.586019 -0.804342 -0.99438 -0.0901127 0.0555693 -0.0399167 0.805271 0.591562 0.133271 -0.530612 0.515385 4032 3024 
16 3208.19 3208.19 2055.82 1488.47 0 -6.54746 -2.98385 2.97729 0.355848 0.800625 -0.48205 -0.930354 0.254698 -0.263764 -0.0883986 0.542336 0.835498 0.133271 -0.530612 0.515385 4032 3024 
17 3208.19 3208.19 2055.82 1488.47 0 2.33395 1.01056 -1.26711 -0.746277 -0.240693 -0.620595 -0.569769 -0.251041 0.782522 -0.344142 0.937574 0.0502071 0.133271 -0.530612 0.515385 4032 3024 
18 3208.19 3208.19 2055.82 1488.47 0 -3.0893 0.606507 0.209447 -0.295072 0.42879 -0.853857 -0.953036 -0.195901 0.230967 -0.0682352 0.881908 0.466457 0.133271 -0.530612 0.515385 4032 3024 
19 3208.19 3208.19 2055.82 1488.47 0 -0.187164 -7.79011 15.1051 0.618044 0.00554633 0.786124 -0.627972 0.605064 0.489438 -0.472941 -0.796157 0.377439 0.133271 -0.530612 0.515385 4032 3024 
20 3208.19 3208.19 2055.82 1488.47 0 -6.3622 -7.28811 4.1225 0.655675 0.747058 -0.10952 -0.754742 0.644385 -0.123013 -0.0213249 0.163316 0.986343 0.133271 -0.530612 0.515385 4032 3024 
21 3208.19 3208.19 2055.82 1488.47 0 2.38337 -7.56517 15.6951 0.414494 -0.273734 0.867908 -0.658017 0.568654 0.493605 -0.628655 -0.775695 0.0555821 0.133271 -0.530612 0.515385 4032 3024 
22 3208.19 3208.19 2055.82 1488.47 0 -2.26917 -9.46974 6.32844 0.73139 0.217926 0.646202 -0.107884 0.972609 -0.205897 -0.673372 0.0808761 0.734867 0.133271 -0.530612 0.515385 4032 3024 
23 3208.19 3208.19 2055.82 1488.47 0 5.27086 -3.23999 -0.56633 -0.773895 -0.553823 -0.307193 -0.448314 0.136459 0.883399 -0.447327 0.821376 -0.353892 0.133271 -0.530612 0.515385 4032 3024 
24 3208.19 3208.19 2055.82 1488.47 0 4.32032 -10.0995 8.3034 0.231415 -0.46621 0.853871 -0.0186655 0.875407 0.483027 -0.972676 -0.127718 0.19388 0.133271 -0.530612 0.515385 4032 3024 
25 3208.19 3208.19 2055.82 1488.47 0 6.36524 -4.39934 1.21764 -0.699344 -0.714634 -0.0147248 -0.290587 0.265428 0.919297 -0.653053 0.647183 -0.393288 0.133271 -0.530612 0.515385 4032 3024 
26 3208.19 3208.19 2055.82 1488.47 0 -5.70308 -1.51688 1.96923 0.12804 0.729411 -0.671986 -0.991028 0.0679071 -0.11512 -0.0383371 0.680697 0.731561 0.133271 -0.530612 0.515385 4032 3024 
27 3208.19 3208.19 2055.82 1488.47 0 6.39421 -8.04323 5.288 -0.216866 -0.737295 0.639817 -0.0450966 0.662282 0.747897 -0.975159 0.13334 -0.176876 0.133271 -0.530612 0.515385 4032 3024 
28 3208.19 3208.19 2055.82 1488.47 0 7.16135 -3.66697 2.1542 -0.572702 -0.775787 0.264891 0.0740844 0.272829 0.959206 -0.816409 0.568964 -0.0987759 0.133271 -0.530612 0.515385 4032 3024 
29 3208.19 3208.19 2055.82 1488.47 0 5.4345 -7.8693 12.1412 0.0125714 -0.597804 0.801544 -0.64218 0.609614 0.464731 -0.766451 -0.520578 -0.376234 0.133271 -0.530612 0.515385 4032 3024 
30 3208.19 3208.19 2055.82 1488.47 0 -6.23154 -5.00586 1.3972 0.267538 0.753267 -0.600844 -0.936582 0.349788 0.0214896 0.226355 0.55699 0.799078 0.133271 -0.530612 0.515385 4032 3024 
31 3208.19 3208.19 2055.82 1488.47 0 6.09572 -7.36092 4.10951 -0.164772 -0.688913 0.705868 0.274229 0.655436 0.703706 -0.947443 0.309521 0.0809229 0.133271 -0.530612 0.515385 4032 3024 
32 3208.19 3208.19 2055.82 1488.47 0 7.14794 -8.18868 6.61277 -0.309182 -0.790054 0.52936 -0.348007 0.612018 0.710159 -0.885041 0.0353473 -0.464169 0.133271 -0.530612 0.515385 4032 3024 
33 3208.19 3208.19 2055.82 1488.47 0 -6.76511 -8.35318 5.75905 0.667964 0.737366 -0.100579 -0.736285 0.674453 0.0547528 0.108208 0.0374816 0.993421 0.133271 -0.530612 0.515385 4032 3024 
34 3208.19 3208.19 2055.82 1488.47 0 5.11771 -8.71493 5.06757 0.0156735 -0.581908 0.813104 0.262856 0.786998 0.558158 -0.964708 0.204981 0.165293 0.133271 -0.530612 0.515385 4032 3024 
35 3208.19 3208.19 2055.82 1488.47 0 -6.73632 -4.55551 3.71276 0.530154 0.80138 -0.276997 -0.828602 0.420356 -0.369757 -0.179879 0.425548 0.886878 0.133271 -0.530612 0.515385 4032 3024 
36 3208.19 3208.19 2055.82 1488.47 0 -4.93704 -7.6896 6.09388 0.770464 0.577123 0.270765 -0.473303 0.802404 -0.363499 -0.427046 0.151909 0.891378 0.133271 -0.530612 0.515385 4032 3024 
37 3208.19 3208.19 2055.82 1488.47 0 -5.92902 -9.44221 7.756 0.758728 0.566805 0.321037 -0.595624 0.803196 -0.0103993 -0.26375 -0.183327 0.94701 0.133271 -0.530612 0.515385 4032 3024 
38 3208.19 3208.19 2055.82 1488.47 0 5.13794 -8.51209 5.67826 0.11319 -0.553484 0.825132 0.31704 0.807176 0.497948 -0.941633 0.205237 0.266841 0.133271 -0.530612 0.515385 4032 3024 
39 3208.19 3208.19 2055.82 1488.47 0 -6.37927 -7.79289 6.64626 0.24979 0.758006 -0.602522 -0.537062 0.62622 0.565166 0.80571 0.182419 0.563519 0.133271 -0.530612 0.515385 4032 3024 
40 3208.19 3208.19 2055.82 1488.47 0 7.09297 -5.45966 3.26808 -0.393128 -0.771172 0.500744 0.190246 0.464588 0.86485 -0.899587 0.435261 -0.0359299 0.133271 -0.530612 0.515385 4032 3024 
41 3208.19 3208.19 2055.82 1488.47 0 2.80982 -10.571 9.6342 0.327467 -0.322578 0.888093 -0.234112 0.882909 0.407019 -0.9154 -0.341198 0.213604 0.133271 -0.530612 0.515385 4032 3024 
42 3208.19 3208.19 2055.82 1488.47 0 1.86783 -8.02958 1.77324 -0.704621 -0.118652 -0.699594 -0.57777 0.668294 0.468578 0.411937 0.734373 -0.539448 0.133271 -0.530612 0.515385 4032 3024 
43 3208.19 3208.19 2055.82 1488.47 0 -2.01342 -8.3881 2.64295 -0.460525 0.28972 -0.839035 -0.531003 0.667532 0.521954 0.711304 0.685903 -0.153572 0.133271 -0.530612 0.515385 4032 3024 
44 3208.19 3208.19 2055.82 1488.47 0 7.1225 -7.04584 4.59957 -0.491327 -0.818681 0.297253 -0.344569 0.496149 0.796937 -0.799919 0.289132 -0.525864 0.133271 -0.530612 0.515385 4032 3024 
45 3208.19 3208.19 2055.82 1488.47 0 -3.54858 -5.02678 -0.24833 -0.224065 0.470342 -0.853565 -0.867691 0.302506 0.394464 0.443742 0.829016 0.340331 0.133271 -0.530612 0.515385 4032 3024 
46 3208.19 3208.19 2055.82 1488.47 0 0.367902 -10.7498 9.898 0.574212 -0.0347956 0.817967 -0.298369 0.921492 0.248654 -0.762402 -0.386837 0.51875 0.133271 -0.530612 0.515385 4032 3024 
47 3208.19 3208.19 2055.82 1488.47 0 0.502414 -8.35891 2.18989 -0.630214 0.0283328 -0.775905 -0.567429 0.665302 0.485178 0.529957 0.746037 -0.403205 0.133271 -0.530612 0.515385 4032 3024 
48 3208.19 3208.19 2055.82 1488.47 0 -2.65664 -7.28175 15.362 0.7526 0.32458 0.572923 -0.641463 0.557901 0.526566 -0.148721 -0.763803 0.628082 0.133271 -0.530612 0.515385 4032 3024 
49 3208.19 3208.19 2055.82 1488.47 0 6.44854 -7.98785 11.0359 -0.206186 -0.735997 0.644822 -0.65989 0.591167 0.463752 -0.722518 -0.329893 -0.607568 0.133271 -0.530612 0.515385 4032 3024 
50 3208.19 3208.19 2055.82 1488.47 0 4.74684 -9.77973 7.21005 0.0342586 -0.554251 0.831644 -0.0633798 0.829253 0.555268 -0.997401 -0.0717321 -0.00671925 0.133271 -0.530612 0.515385 4032 3024 
51 3208.19 3208.19 2055.82 1488.47 0 4.15078 -9.11466 6.04657 0.247249 -0.453515 0.856266 0.288019 0.878159 0.381945 -0.925156 0.152185 0.347745 0.133271 -0.530612 0.515385 4032 3024 
52 3208.19 3208.19 2055.82 1488.47 0 -5.53824 -6.54892 1.90311 0.133121 0.68326 -0.717938 -0.876111 0.419795 0.237069 0.463367 0.597435 0.654495 0.133271 -0.530612 0.515385 4032 3024 
53 3208.19 3208.19 2055.82 1488.47 0 4.94011 -5.07874 -0.171553 -0.775242 -0.527939 -0.346813 -0.544672 0.280653 0.790295 -0.319894 0.80157 -0.505128 0.133271 -0.530612 0.515385 4032 3024 
54 3208.19 3208.19 2055.82 1488.47 0 6.96566 -7.84001 5.9048 -0.670778 -0.740654 0.0385697 -0.658188 0.618448 0.429314 -0.341827 0.262589 -0.902331 0.133271 -0.530612 0.515385 4032 3024 
55 3208.19 3208.19 2055.82 1488.47 0 5.7861 -0.764371 0.264136 -0.767934 -0.605988 -0.207499 -0.237909 -0.0309253 0.970795 -0.594707 0.794873 -0.120422 0.133271 -0.530612 0.515385 4032 3024 
56 3208.19 3208.19 2055.82 1488.47 0 -3.87436 -10.4672 9.74454 0.764125 0.377435 0.523121 -0.484219 0.871412 0.0785714 -0.426199 -0.313344 0.848629 0.133271 -0.530612 0.515385 4032 3024 
57 3208.19 3208.19 2055.82 1488.47 0 -0.0395733 -9.98378 6.25476 0.624264 -0.0180654 0.781004 0.0791332 0.996053 -0.0402122 -0.777195 0.0869064 0.62323 0.133271 -0.530612 0.515385 4032 3024 
58 3208.19 3208.19 2055.82 1488.47 0 -6.82559 -6.95807 3.93903 0.376886 0.786852 -0.488693 -0.845787 0.507442 0.164759 0.377625 0.351235 0.856758 0.133271 -0.530612 0.515385 4032 3024 
59 3208.19 3208.19 2055.82 1488.47 0 -4.34504 -5.69703 0.749937 -0.0865527 0.549936 -0.83071 -0.866466 0.36997 0.3352 0.491676 0.748795 0.444479 0.133271 -0.530612 0.515385 4032 3024 
60 3208.19 3208.19 2055.82 1488.47 0 -1.53418 1.26639 -0.289896 -0.492429 0.221484 -0.8417 -0.859438 -0.276413 0.430072 -0.137403 0.935169 0.326466 0.133271 -0.530612 0.515385 4032 3024 
61 3208.19 3208.19 2055.82 1488.47 0 7.31337 -7.80723 9.72145 -0.346793 -0.798337 0.492333 -0.664861 0.579484 0.471337 -0.661585 -0.163876 -0.731744 0.133271 -0.530612 0.515385 4032 3024 
62 3208.19 3208.19 2055.82 1488.47 0 3.15117 -2.61464 -1.44768 -0.772016 -0.33713 -0.538828 -0.59338 0.0784529 0.80109 -0.227799 0.938184 -0.260613 0.133271 -0.530612 0.515385 4032 3024 
63 3208.19 3208.19 2055.82 1488.47 0 5.58484 -9.64728 9.34199 -0.0180146 -0.600353 0.799532 -0.293414 0.767628 0.569786 -0.955816 -0.22433 -0.18998 0.133271 -0.530612 0.515385 4032 3024 
64 3188.78 3188.78 1489.48 2015.67 0 8.42265 5.49738 3.124 0.631868 -0.641706 -0.434691 -0.774577 -0.542928 -0.324438 -0.027812 0.541704 -0.840109 0.117213 -0.443236 0.410094 3024 4032 
65 3208.19 3208.19 2055.82 1488.47 0 0.988112 -2.50322 -1.72367 -0.676127 -0.0688726 -0.733559 -0.736436 0.0325189 0.675726 -0.0226845 0.997095 -0.0727071 0.133271 -0.530612 0.515385 4032 3024 
66 3208.19 3208.19 2055.82 1488.47 0 -6.6812 -7.0854 10.9958 0.623274 0.770528 -0.13348 -0.605051 0.583299 0.541919 0.495422 -0.257002 0.829763 0.133271 -0.530612 0.515385 4032 3024 
67 3208.19 3208.19 2055.82 1488.47 0 -6.6838 -6.13129 2.62154 0.465913 0.777112 -0.423111 -0.870988 0.487045 -0.0645599 0.155904 0.398604 0.903775 0.133271 -0.530612 0.515385 4032 3024 
68 3208.19 3208.19 2055.82 1488.47 0 -5.25024 -3.78917 0.277484 0.0242368 0.651233 -0.758491 -0.955798 0.237482 0.173358 0.293024 0.720762 0.628203 0.133271 -0.530612 0.515385 4032 3024 
69 3208.19 3208.19 2055.82 1488.47 0 -5.63198 -8.87519 7.04553 0.769348 0.56282 0.302222 -0.567712 0.819279 -0.0805308 -0.292928 -0.109619 0.94983 0.133271 -0.530612 0.515385 4032 3024 
70 3208.19 3208.19 2055.82 1488.47 0 7.29914 -7.91827 6.62993 -0.573085 -0.785919 0.232174 -0.640797 0.606362 0.470855 -0.510835 0.121063 -0.851112 0.133271 -0.530612 0.515385 4032 3024 
71 3208.19 3208.19 2055.82 1488.47 0 -4.97523 -6.68653 14.6005 0.775641 0.529 0.344298 -0.620559 0.539521 0.569055 0.115274 -0.65504 0.74675 0.133271 -0.530612 0.515385 4032 3024 
72 3208.19 3208.19 2055.82 1488.47 0 -6.39144 -7.20392 12.7697 0.711325 0.702184 0.0308704 -0.598349 0.581925 0.550765 0.368774 -0.410244 0.834089 0.133271 -0.530612 0.515385 4032 3024 
73 3208.19 3208.19 2055.82 1488.47 0 7.0431 -6.71752 4.02783 -0.395726 -0.790316 0.467763 -0.0902197 0.540333 0.836601 -0.913927 0.288863 -0.285126 0.133271 -0.530612 0.515385 4032 3024 
74 3208.19 3208.19 2055.82 1488.47 0 3.58564 -7.35893 14.8334 0.289154 -0.399378 0.869992 -0.677321 0.556875 0.480756 -0.676481 -0.728277 -0.109484 0.133271 -0.530612 0.515385 4032 3024 
75 3208.19 3208.19 2055.82 1488.47 0 6.44722 -2.17699 1.25308 -0.69372 -0.719496 0.032835 -0.0758823 0.118347 0.990069 -0.716236 0.684339 -0.136697 0.133271 -0.530612 0.515385 4032 3024 
76 3208.19 3208.19 2055.82 1488.47 0 -5.88894 -6.3849 4.90347 0.703518 0.710157 0.0271946 -0.639308 0.649116 -0.41223 -0.3104 0.272625 0.910674 0.133271 -0.530612 0.515385 4032 3024 
77 3208.19 3208.19 2055.82 1488.47 0 3.08273 -10.424 8.49316 0.372784 -0.342742 0.862299 -0.0490294 0.92071 0.387155 -0.926622 -0.186603 0.326422 0.133271 -0.530612 0.515385 4032 3024 
78 3208.19 3208.19 2055.82 1488.47 0 0.307372 1.74232 -0.592464 -0.651105 0.00739317 -0.758952 -0.719873 -0.322884 0.614434 -0.240511 0.94641 0.215554 0.133271 -0.530612 0.515385 4032 3024 
79 3208.19 3208.19 2055.82 1488.47 0 3.5761 -4.67218 -0.125546 -0.781261 -0.373585 -0.500066 -0.592524 0.191872 0.782368 -0.196333 0.907535 -0.37126 0.133271 -0.530612 0.515385 4032 3024 
80 3208.19 3208.19 2055.82 1488.47 0 -3.70545 -8.69088 6.31106 0.781353 0.404036 0.475649 -0.28802 0.909583 -0.299506 -0.553653 0.0970234 0.827076 0.133271 -0.530612 0.515385 4032 3024 
81 3208.19 3208.19 2055.82 1488.47 0 5.41507 -5.16627 2.71814 0.0441227 -0.595422 0.802201 0.728149 0.568941 0.382238 -0.683998 0.567256 0.458659 0.133271 -0.530612 0.515385 4032 3024 
82 3208.19 3208.19 2055.82 1488.47 0 -3.78302 -8.65787 3.72193 -0.228337 0.477516 -0.848434 -0.525689 0.673029 0.520272 0.819459 0.56481 0.0973469 0.133271 -0.530612 0.515385 4032 3024 
83 3208.19 3208.19 2055.82 1488.47 0 4.35519 0.0400713 -0.535764 -0.788025 -0.479124 -0.386596 -0.366803 -0.138934 0.919866 -0.494441 0.866682 -0.066261 0.133271 -0.530612 0.515385 4032 3024 
84 3208.19 3208.19 2055.82 1488.47 0 6.58752 -6.5987 2.66062 -0.672242 -0.740271 0.00950336 -0.435626 0.405907 0.803411 -0.598599 0.535946 -0.595349 0.133271 -0.530612 0.515385 4032 3024 
85 3208.19 3208.19 2055.82 1488.47 0 3.66208 -8.2327 3.79 -0.765217 -0.347826 -0.541719 -0.609439 0.662523 0.435485 0.207429 0.663385 -0.718953 0.133271 -0.530612 0.515385 4032 3024 
86 3208.19 3208.19 2055.82 1488.47 0 -0.433644 -4.616 -1.36034 -0.552568 0.104439 -0.826898 -0.787888 0.25814 0.559103 0.271847 0.960446 -0.0603538 0.133271 -0.530612 0.515385 4032 3024 
87 3208.19 3208.19 2055.82 1488.47 0 -5.18123 -8.00541 3.80433 0.0333971 0.636673 -0.77041 -0.626256 0.614075 0.480329 0.778902 0.466432 0.419229 0.133271 -0.530612 0.515385 4032 3024 
88 3208.19 3208.19 2055.82 1488.47 0 2.30676 -9.84621 6.15663 0.452737 -0.257909 0.85353 0.219928 0.959978 0.173418 -0.864096 0.109202 0.491339 0.133271 -0.530612 0.515385 4032 3024 
89 3208.19 3208.19 2055.82 1488.47 0 -3.03535 -2.81396 -1.22209 -0.321315 0.376979 -0.868702 -0.919071 0.0968979 0.381994 0.228179 0.921139 0.315336 0.133271 -0.530612 0.515385 4032 3024 
