0 2343.85 2343.85 1982.43 1501.6 0 5.13475 57.7742 173.297 0.952313 0.305104 -0.00325751 0.254426 -0.799935 -0.54348 -0.168424 0.516735 -0.839416 -0.127571 0.107425 -0.0131741 4000 3000 
1 2343.85 2343.85 1982.43 1501.6 0 5.10764 57.5726 172.907 0.925956 0.377631 9.85521e-05 0.317691 -0.778841 -0.540813 -0.204151 0.500801 -0.841143 -0.127571 0.107425 -0.0131741 4000 3000 
2 2343.85 2343.85 1982.43 1501.6 0 5.12267 57.7742 173.192 0.893234 0.449587 0.0020902 0.379719 -0.751917 -0.53892 -0.240719 0.482175 -0.842355 -0.127571 0.107425 -0.0131741 4000 3000 
3 2343.85 2343.85 1982.43 1501.6 0 5.13787 57.6691 172.522 0.85658 0.515999 0.00393922 0.43702 -0.72137 -0.537252 -0.27438 0.461921 -0.843413 -0.127571 0.107425 -0.0131741 4000 3000 
4 2343.85 2343.85 1982.43 1501.6 0 5.20063 57.7848 172.209 0.817127 0.576441 0.00432684 0.488525 -0.68848 -0.536039 -0.306016 0.440126 -0.844182 -0.127571 0.107425 -0.0131741 4000 3000 
5 2343.85 2343.85 1982.43 1501.6 0 5.01083 58.1951 172.639 0.774702 0.632307 0.00498453 0.53648 -0.653082 -0.534484 -0.334702 0.41674 -0.845164 -0.127571 0.107425 -0.0131741 4000 3000 
6 2343.85 2343.85 1982.43 1501.6 0 4.79088 58.5988 172.892 0.724356 0.68939 0.00701419 0.586126 -0.610434 -0.532755 -0.362994 0.390015 -0.846241 -0.127571 0.107425 -0.0131741 4000 3000 
7 2343.85 2343.85 1982.43 1501.6 0 4.9195 58.8637 172.702 0.669285 0.742966 0.00771483 0.632246 -0.56403 -0.531164 -0.390285 0.360378 -0.847234 -0.127571 0.107425 -0.0131741 4000 3000 
8 2343.85 2343.85 1982.43 1501.6 0 4.80713 59.392 172.675 0.603049 0.797648 0.00951325 0.67956 -0.507452 -0.529803 -0.417768 0.325962 -0.848068 -0.127571 0.107425 -0.0131741 4000 3000 
9 2343.85 2343.85 1982.43 1501.6 0 4.3302 59.3874 172.415 0.546315 0.837507 0.0110467 0.714635 -0.459204 -0.527664 -0.436849 0.296165 -0.849382 -0.127571 0.107425 -0.0131741 4000 3000 
10 2343.85 2343.85 1982.43 1501.6 0 4.0716 59.8108 172.448 0.479335 0.877548 0.0121339 0.749101 -0.401893 -0.526621 -0.457259 0.261518 -0.850013 -0.127571 0.107425 -0.0131741 4000 3000 
11 2343.85 2343.85 1982.43 1501.6 0 3.87199 59.8831 172.274 0.401055 0.915963 0.0129046 0.782999 -0.335457 -0.523814 -0.475466 0.220183 -0.851735 -0.127571 0.107425 -0.0131741 4000 3000 
12 2343.85 2343.85 1982.43 1501.6 0 3.45137 60.2886 172.388 0.326571 0.945073 0.0137598 0.807984 -0.271587 -0.522879 -0.490422 0.181875 -0.852296 -0.127571 0.107425 -0.0131741 4000 3000 
13 2343.85 2343.85 1982.43 1501.6 0 3.06982 60.7728 172.522 0.243055 0.969908 0.0142216 0.829423 -0.200203 -0.521514 -0.502973 0.138552 -0.853124 -0.127571 0.107425 -0.0131741 4000 3000 
14 2343.85 2343.85 1982.43 1501.6 0 2.57064 61.2116 172.337 0.160076 0.986986 0.0153145 0.844096 -0.128825 -0.520486 -0.51174 0.096244 -0.853733 -0.127571 0.107425 -0.0131741 4000 3000 
15 2343.85 2343.85 1982.43 1501.6 0 1.99602 60.9155 171.566 0.0836073 0.996383 0.015201 0.853226 -0.0636977 -0.517638 -0.514797 0.0562482 -0.855465 -0.127571 0.107425 -0.0131741 4000 3000 
16 2343.85 2343.85 1982.43 1501.6 0 2.07923 60.5437 171.312 -0.0118387 0.999819 0.0148945 0.857062 0.017819 -0.514906 -0.515078 0.00666973 -0.857117 -0.127571 0.107425 -0.0131741 4000 3000 
17 2343.85 2343.85 1982.43 1501.6 0 1.71023 61.1787 171.668 -0.0919873 0.995659 0.0142177 0.854141 0.0862359 -0.512841 -0.511841 -0.0350309 -0.858366 -0.127571 0.107425 -0.0131741 4000 3000 
18 2343.85 2343.85 1982.43 1501.6 0 1.49857 61.5557 171.641 -0.174058 0.984641 0.0136481 0.844839 0.156437 -0.51164 -0.505916 -0.0775247 -0.859092 -0.127571 0.107425 -0.0131741 4000 3000 
19 2343.85 2343.85 1982.43 1501.6 0 0.749152 61.7317 171.352 -0.23973 0.970757 0.0126427 0.833232 0.212416 -0.510493 -0.49825 -0.111846 -0.859789 -0.127571 0.107425 -0.0131741 4000 3000 
20 2343.85 2343.85 1982.43 1501.6 0 0.514269 61.7857 170.4 -0.327212 0.944865 0.012754 0.810473 0.28756 -0.510336 -0.485866 -0.156651 -0.859881 -0.127571 0.107425 -0.0131741 4000 3000 
21 2343.85 2343.85 1982.43 1501.6 0 0.130008 61.6963 169.979 -0.396403 0.918018 0.0103977 0.787595 0.345862 -0.509975 -0.471762 -0.193966 -0.860127 -0.127571 0.107425 -0.0131741 4000 3000 
22 2343.85 2343.85 1982.43 1501.6 0 -0.362978 61.9389 169.833 -0.475577 0.87961 0.0105619 0.754648 0.414125 -0.508926 -0.452031 -0.234063 -0.860745 -0.127571 0.107425 -0.0131741 4000 3000 
23 2343.85 2343.85 1982.43 1501.6 0 -1.14857 61.7615 169.101 -0.542523 0.839981 0.0100114 0.720615 0.471486 -0.508345 -0.431721 -0.268575 -0.861095 -0.127571 0.107425 -0.0131741 4000 3000 
24 2343.85 2343.85 1982.43 1501.6 0 -1.32169 61.8513 169.027 -0.619814 0.784698 0.00887123 0.673251 0.537525 -0.507741 -0.403192 -0.308732 -0.861464 -0.127571 0.107425 -0.0131741 4000 3000 
25 2343.85 2343.85 1982.43 1501.6 0 -1.86945 61.8193 168.692 -0.682775 0.730581 0.00838163 0.626637 0.591454 -0.507452 -0.375692 -0.341223 -0.861639 -0.127571 0.107425 -0.0131741 4000 3000 
26 2343.85 2343.85 1982.43 1501.6 0 -2.56633 62.1248 168.74 -0.747564 0.664136 0.00843623 0.569336 0.647293 -0.506822 -0.34206 -0.374079 -0.862009 -0.127571 0.107425 -0.0131741 4000 3000 
27 2343.85 2343.85 1982.43 1501.6 0 -3.3611 62.5002 168.844 -0.802982 0.595946 0.00820024 0.510209 0.694441 -0.507385 -0.308069 -0.403237 -0.861681 -0.127571 0.107425 -0.0131741 4000 3000 
28 2343.85 2343.85 1982.43 1501.6 0 -3.41458 62.3911 168.613 -0.84949 0.527566 0.00643155 0.451959 0.733927 -0.507035 -0.272215 -0.427814 -0.861901 -0.127571 0.107425 -0.0131741 4000 3000 
29 2343.85 2343.85 1982.43 1501.6 0 -3.94843 62.4318 168.298 -0.885854 0.463937 0.00491235 0.397587 0.764536 -0.507355 -0.239137 -0.44749 -0.861723 -0.127571 0.107425 -0.0131741 4000 3000 
30 2343.85 2343.85 1982.43 1501.6 0 -4.39587 62.5731 168.675 -0.921443 0.388501 0.00326414 0.333236 0.794631 -0.507459 -0.199742 -0.466507 -0.861669 -0.127571 0.107425 -0.0131741 4000 3000 
31 2343.85 2343.85 1982.43 1501.6 0 -4.83107 62.4955 168.351 -0.949188 0.314702 0.00239875 0.269956 0.818097 -0.50778 -0.161762 -0.481331 -0.861483 -0.127571 0.107425 -0.0131741 4000 3000 
32 2343.85 2343.85 1982.43 1501.6 0 -5.2441 62.6056 167.94 -0.970038 0.242951 0.00093584 0.208677 0.835152 -0.508896 -0.124418 -0.493454 -0.860827 -0.127571 0.107425 -0.0131741 4000 3000 
33 2343.85 2343.85 1982.43 1501.6 0 -5.72455 62.4827 167.375 -0.986899 0.161337 0.000423978 0.138467 0.848344 -0.511018 -0.082806 -0.504265 -0.85957 -0.127571 0.107425 -0.0131741 4000 3000 
34 2343.85 2343.85 1982.43 1501.6 0 -6.35937 63.0561 168.048 -0.996251 0.0865077 9.57877e-05 0.0742447 0.855595 -0.512294 -0.0443993 -0.510367 -0.85881 -0.127571 0.107425 -0.0131741 4000 3000 
35 2343.85 2343.85 1982.43 1501.6 0 -6.67827 62.9901 167.203 -0.999946 0.0102443 -0.00179517 0.00970386 0.85687 -0.515442 -0.00374211 -0.515431 -0.856923 -0.127571 0.107425 -0.0131741 4000 3000 
36 2343.85 2343.85 1982.43 1501.6 0 -6.5307 62.7638 167.385 -0.99738 -0.0721347 -0.00537098 -0.0590524 0.854877 -0.51546 0.0417741 -0.513792 -0.856897 -0.127571 0.107425 -0.0131741 4000 3000 
37 2343.85 2343.85 1982.43 1501.6 0 -6.68915 62.9612 168.024 -0.986763 -0.162003 -0.0073969 -0.134895 0.845255 -0.517056 0.0900169 -0.509213 -0.85592 -0.127571 0.107425 -0.0131741 4000 3000 
38 2343.85 2343.85 1982.43 1501.6 0 -7.24609 62.5932 167.196 -0.96899 -0.247 -0.0070286 -0.207522 0.828899 -0.519482 0.134138 -0.501915 -0.854452 -0.127571 0.107425 -0.0131741 4000 3000 
39 2343.85 2343.85 1982.43 1501.6 0 -7.52514 62.7301 167.379 -0.945032 -0.326882 -0.00796815 -0.275041 0.807863 -0.521258 0.176827 -0.490414 -0.853362 -0.127571 0.107425 -0.0131741 4000 3000 
40 2343.85 2343.85 1982.43 1501.6 0 -7.81582 62.839 167.679 -0.912177 -0.409719 -0.00792791 -0.345141 0.778546 -0.524161 0.220931 -0.475392 -0.851582 -0.127571 0.107425 -0.0131741 4000 3000 
41 2343.85 2343.85 1982.43 1501.6 0 -8.04115 62.9027 167.759 -0.87532 -0.483458 -0.00910552 -0.406693 0.74626 -0.52697 0.261563 -0.457564 -0.849835 -0.127571 0.107425 -0.0131741 4000 3000 
42 2343.85 2343.85 1982.43 1501.6 0 -8.29405 62.5991 167.69 -0.826846 -0.562354 -0.0091398 -0.473139 0.704273 -0.529281 0.30408 -0.43331 -0.848397 -0.127571 0.107425 -0.0131741 4000 3000 
43 2343.85 2343.85 1982.43 1501.6 0 -8.55988 61.9509 167.909 -0.780995 -0.624451 -0.0103287 -0.52595 0.666539 -0.528302 0.336784 -0.407169 -0.848993 -0.127571 0.107425 -0.0131741 4000 3000 
44 2343.85 2343.85 1982.43 1501.6 0 -8.30486 61.7645 168.788 -0.727333 -0.686168 -0.012637 -0.577573 0.621961 -0.528747 0.370669 -0.377276 -0.848685 -0.127571 0.107425 -0.0131741 4000 3000 
45 2343.85 2343.85 1982.43 1501.6 0 -8.28706 61.4533 169.688 -0.670837 -0.741476 -0.0138482 -0.624564 0.574934 -0.528555 0.399873 -0.345925 -0.848786 -0.127571 0.107425 -0.0131741 4000 3000 
46 2343.85 2343.85 1982.43 1501.6 0 -7.87787 61.0123 169.941 -0.613697 -0.789371 -0.0164399 -0.664609 0.527717 -0.528969 0.426229 -0.313701 -0.848482 -0.127571 0.107425 -0.0131741 4000 3000 
47 2343.85 2343.85 1982.43 1501.6 0 -7.61798 60.8259 170.563 -0.553598 -0.832585 -0.0181758 -0.701132 0.477748 -0.529311 0.44938 -0.280282 -0.848233 -0.127571 0.107425 -0.0131741 4000 3000 
48 2343.85 2343.85 1982.43 1501.6 0 -7.25468 60.1463 171.014 -0.48796 -0.872643 -0.0197294 -0.735767 0.423373 -0.528584 0.469618 -0.243412 -0.848651 -0.127571 0.107425 -0.0131741 4000 3000 
49 2343.85 2343.85 1982.43 1501.6 0 -7.44255 59.5216 170.876 -0.418604 -0.90795 -0.0199381 -0.766023 0.364792 -0.529279 0.487832 -0.206285 -0.848214 -0.127571 0.107425 -0.0131741 4000 3000 
50 2343.85 2343.85 1982.43 1501.6 0 -7.2501 59.0356 171.255 -0.342667 -0.939244 -0.0200131 -0.792779 0.30053 -0.530267 0.504064 -0.165839 -0.847595 -0.127571 0.107425 -0.0131741 4000 3000 
51 2343.85 2343.85 1982.43 1501.6 0 -7.17002 58.4844 171.429 -0.257659 -0.966053 -0.0188021 -0.816033 0.227984 -0.531143 0.517399 -0.121511 -0.847074 -0.127571 0.107425 -0.0131741 4000 3000 
52 2343.85 2343.85 1982.43 1501.6 0 -7.08138 58.022 171.363 -0.179655 -0.983569 -0.0177812 -0.831101 0.161426 -0.532177 0.526303 -0.0808301 -0.846446 -0.127571 0.107425 -0.0131741 4000 3000 
53 2343.85 2343.85 1982.43 1501.6 0 -6.48822 57.6024 171.447 -0.112923 -0.993398 -0.0202227 -0.840083 0.106324 -0.531936 0.530574 -0.043079 -0.846543 -0.127571 0.107425 -0.0131741 4000 3000 
54 2343.85 2343.85 1982.43 1501.6 0 -6.1606 57.0868 171.927 -0.0399597 -0.998974 -0.0213256 -0.84595 0.0451815 -0.531345 0.531763 -0.00319196 -0.846887 -0.127571 0.107425 -0.0131741 4000 3000 
55 2343.85 2343.85 1982.43 1501.6 0 -5.57386 56.4912 172.151 0.034491 -0.99915 -0.0225934 -0.847306 -0.017246 -0.530825 0.529984 0.0374522 -0.84718 -0.127571 0.107425 -0.0131741 4000 3000 
56 2343.85 2343.85 1982.43 1501.6 0 -4.54816 55.9306 171.75 0.0984143 -0.994795 -0.0264128 -0.844288 -0.0694162 -0.531375 0.526775 0.0745948 -0.846725 -0.127571 0.107425 -0.0131741 4000 3000 
57 2343.85 2343.85 1982.43 1501.6 0 -3.9 55.8302 172.147 0.17367 -0.984434 -0.0269774 -0.835738 -0.132836 -0.53282 0.520943 0.115081 -0.845799 -0.127571 0.107425 -0.0131741 4000 3000 
58 2343.85 2343.85 1982.43 1501.6 0 -3.34854 55.6434 171.941 0.239686 -0.970401 -0.0295321 -0.82443 -0.187379 -0.534045 0.512704 0.15235 -0.84494 -0.127571 0.107425 -0.0131741 4000 3000 
59 2343.85 2343.85 1982.43 1501.6 0 -2.70376 55.702 172.43 0.319269 -0.947202 -0.029592 -0.805379 -0.254744 -0.535229 0.499432 0.194715 -0.844189 -0.127571 0.107425 -0.0131741 4000 3000 
60 2343.85 2343.85 1982.43 1501.6 0 -2.34989 55.5496 172.387 0.390952 -0.91996 -0.0288187 -0.782436 -0.315694 -0.536778 0.484716 0.232403 -0.843231 -0.127571 0.107425 -0.0131741 4000 3000 
61 2343.85 2343.85 1982.43 1501.6 0 -1.85225 55.4078 172.345 0.464822 -0.884974 -0.0276058 -0.753151 -0.378806 -0.537837 0.465515 0.27079 -0.842597 -0.127571 0.107425 -0.0131741 4000 3000 
62 2343.85 2343.85 1982.43 1501.6 0 -1.32957 55.3963 172.702 0.533018 -0.845695 -0.0262962 -0.720052 -0.43707 -0.538977 0.444316 0.306219 -0.84191 -0.127571 0.107425 -0.0131741 4000 3000 
63 2343.85 2343.85 1982.43 1501.6 0 -0.626196 55.111 172.59 0.598747 -0.800508 -0.0262476 -0.682793 -0.493022 -0.539187 0.418683 0.340758 -0.841777 -0.127571 0.107425 -0.0131741 4000 3000 
64 2343.85 2343.85 1982.43 1501.6 0 -0.151718 54.7583 172.214 0.663434 -0.747831 -0.0245828 -0.638386 -0.548592 -0.539917 0.390281 0.373892 -0.841359 -0.127571 0.107425 -0.0131741 4000 3000 
65 2343.85 2343.85 1982.43 1501.6 0 0.175673 54.46 172.153 0.715293 -0.698393 -0.0245592 -0.597676 -0.593172 -0.539379 0.36213 0.400492 -0.841705 -0.127571 0.107425 -0.0131741 4000 3000 
66 2343.85 2343.85 1982.43 1501.6 0 1.01948 54.0128 171.694 0.770555 -0.636894 -0.0247145 -0.546625 -0.640407 -0.539518 0.327788 0.429238 -0.841611 -0.127571 0.107425 -0.0131741 4000 3000 
67 2343.85 2343.85 1982.43 1501.6 0 1.48373 53.9812 172.152 0.814004 -0.580324 -0.0249044 -0.499957 -0.678159 -0.53865 0.295702 0.450914 -0.842162 -0.127571 0.107425 -0.0131741 4000 3000 
68 2343.85 2343.85 1982.43 1501.6 0 2.12353 54.3681 172.546 0.860777 -0.508469 -0.0228616 -0.438831 -0.718633 -0.539438 0.257859 0.474368 -0.841715 -0.127571 0.107425 -0.0131741 4000 3000 
69 2343.85 2343.85 1982.43 1501.6 0 2.80102 54.5403 172.402 0.9014 -0.432421 -0.0221312 -0.374688 -0.753397 -0.540372 0.216995 0.495384 -0.841135 -0.127571 0.107425 -0.0131741 4000 3000 
70 2343.85 2343.85 1982.43 1501.6 0 3.32157 54.6011 172.061 0.928867 -0.369717 -0.0226918 -0.322445 -0.776913 -0.540773 0.182303 0.509623 -0.840863 -0.127571 0.107425 -0.0131741 4000 3000 
71 2343.85 2343.85 1982.43 1501.6 0 3.93456 54.5351 171.715 0.955744 -0.293371 -0.0220661 -0.258248 -0.80066 -0.540603 0.14093 0.522377 -0.840988 -0.127571 0.107425 -0.0131741 4000 3000 
72 2343.85 2343.85 1982.43 1501.6 0 4.58068 54.8439 171.684 0.975659 -0.218235 -0.0215135 -0.195023 -0.818636 -0.540186 0.100276 0.531233 -0.84127 -0.127571 0.107425 -0.0131741 4000 3000 
73 2343.85 2343.85 1982.43 1501.6 0 5.33164 55.4406 172.803 0.990807 -0.133793 -0.0200337 -0.123409 -0.833195 -0.539033 0.0554267 0.53655 -0.842046 -0.127571 0.107425 -0.0131741 4000 3000 
74 2343.85 2343.85 1982.43 1501.6 0 5.13254 55.4072 172.764 0.998021 -0.0602175 -0.0181313 -0.0605196 -0.841275 -0.537209 0.0170959 0.537243 -0.843254 -0.127571 0.107425 -0.0131741 4000 3000 
75 2343.85 2343.85 1982.43 1501.6 0 5.29244 55.4835 172.913 0.999521 0.0264778 -0.0160255 0.0137769 -0.844295 -0.535701 -0.0277144 0.535224 -0.844256 -0.127571 0.107425 -0.0131741 4000 3000 
76 2343.85 2343.85 1982.43 1501.6 0 5.62201 55.7109 173.112 0.993972 0.108716 -0.0141688 0.0843467 -0.840851 -0.534654 -0.0700391 0.530236 -0.844952 -0.127571 0.107425 -0.0131741 4000 3000 
77 2343.85 2343.85 1982.43 1501.6 0 5.93502 56.2209 173.756 0.97976 0.199862 -0.0112387 0.163277 -0.830373 -0.532749 -0.115808 0.520131 -0.846199 -0.127571 0.107425 -0.0131741 4000 3000 
78 2343.85 2343.85 1982.43 1501.6 0 5.65189 56.1516 173.678 0.961798 0.273639 -0.00813623 0.227732 -0.816229 -0.53095 -0.15193 0.508814 -0.847364 -0.127571 0.107425 -0.0131741 4000 3000 
79 2343.85 2343.85 1982.43 1501.6 0 5.92289 55.5677 172.536 0.936257 0.351262 -0.00619991 0.294881 -0.795325 -0.529626 -0.190969 0.494037 -0.848209 -0.127571 0.107425 -0.0131741 4000 3000 
80 2343.85 2343.85 1982.43 1501.6 0 6.15921 55.8173 172.453 0.908956 0.416863 -0.00484834 0.351361 -0.772287 -0.529261 -0.224374 0.479372 -0.848445 -0.127571 0.107425 -0.0131741 4000 3000 
81 2343.85 2343.85 1982.43 1501.6 0 6.13904 56.4066 172.75 0.876631 0.481145 -0.00412491 0.40651 -0.745181 -0.528634 -0.257423 0.461741 -0.84884 -0.127571 0.107425 -0.0131741 4000 3000 
82 2343.85 2343.85 1982.43 1501.6 0 6.13167 56.8067 172.663 0.841171 0.540758 -0.0035729 0.457636 -0.71536 -0.528043 -0.288099 0.442539 -0.84921 -0.127571 0.107425 -0.0131741 4000 3000 
83 2343.85 2343.85 1982.43 1501.6 0 5.74844 57.3315 172.478 0.799178 0.601093 -0.00155132 0.50996 -0.679375 -0.527627 -0.318207 0.420877 -0.849475 -0.127571 0.107425 -0.0131741 4000 3000 
84 2343.85 2343.85 1982.43 1501.6 0 5.55633 58.0113 172.569 0.746525 0.665357 0.000389661 0.56558 -0.634268 -0.527089 -0.350455 0.393706 -0.84981 -0.127571 0.107425 -0.0131741 4000 3000 
85 2343.85 2343.85 1982.43 1501.6 0 5.08421 57.9869 172.338 0.695407 0.718614 0.00178089 0.612299 -0.591224 -0.524923 -0.376165 0.366126 -0.851148 -0.127571 0.107425 -0.0131741 4000 3000 
86 2343.85 2343.85 1982.43 1501.6 0 4.87254 57.9842 171.849 0.641152 0.767409 0.00266997 0.654897 -0.54533 -0.523187 -0.400043 0.337191 -0.852214 -0.127571 0.107425 -0.0131741 4000 3000 
87 2343.85 2343.85 1982.43 1501.6 0 4.61718 58.1464 171.642 0.585832 0.810425 0.00350534 0.692148 -0.498074 -0.522353 -0.421582 0.308437 -0.852722 -0.127571 0.107425 -0.0131741 4000 3000 
88 2343.85 2343.85 1982.43 1501.6 0 4.52412 58.4101 171.516 0.518772 0.854902 0.00421116 0.730855 -0.440931 -0.520989 -0.443538 0.273352 -0.853553 -0.127571 0.107425 -0.0131741 4000 3000 
89 2343.85 2343.85 1982.43 1501.6 0 4.10553 58.7376 172.037 0.452205 0.891897 0.00552945 0.7637 -0.38399 -0.518954 -0.46073 0.238896 -0.854784 -0.127571 0.107425 -0.0131741 4000 3000 
90 2343.85 2343.85 1982.43 1501.6 0 4.20842 59.0954 172.151 0.378215 0.925706 0.00469726 0.79296 -0.321353 -0.517636 -0.477669 0.199503 -0.855588 -0.127571 0.107425 -0.0131741 4000 3000 
91 2343.85 2343.85 1982.43 1501.6 0 3.92958 58.8319 171.713 0.307131 0.951656 0.00455551 0.816504 -0.261048 -0.514952 -0.488868 0.161877 -0.857207 -0.127571 0.107425 -0.0131741 4000 3000 
92 2343.85 2343.85 1982.43 1501.6 0 3.93222 58.9278 171.79 0.228959 0.97343 0.0035819 0.836002 -0.194747 -0.513005 -0.498677 0.120451 -0.858378 -0.127571 0.107425 -0.0131741 4000 3000 
93 2343.85 2343.85 1982.43 1501.6 0 3.50772 59.1057 171.828 0.149129 0.988805 0.00500406 0.850442 -0.125677 -0.510836 -0.504488 0.0804364 -0.859664 -0.127571 0.107425 -0.0131741 4000 3000 
94 2343.85 2343.85 1982.43 1501.6 0 3.14253 59.6046 172.058 0.072234 0.997375 0.00498947 0.858073 -0.0595935 -0.510059 -0.508423 0.0411249 -0.860125 -0.127571 0.107425 -0.0131741 4000 3000 
95 2343.85 2343.85 1982.43 1501.6 0 3.34931 59.4553 171.798 -0.00981211 0.999946 0.00340034 0.861173 0.0101786 -0.50821 -0.508218 -0.00205834 -0.861226 -0.127571 0.107425 -0.0131741 4000 3000 
96 2343.85 2343.85 1982.43 1501.6 0 3.075 59.5799 171.734 -0.0852082 0.996361 0.00198423 0.859228 0.0744887 -0.506141 -0.504447 -0.0414225 -0.862449 -0.127571 0.107425 -0.0131741 4000 3000 
97 2343.85 2343.85 1982.43 1501.6 0 2.39145 60.0997 171.693 -0.17097 0.985273 0.00252193 0.849807 0.148757 -0.505668 -0.498596 -0.0843108 -0.862725 -0.127571 0.107425 -0.0131741 4000 3000 
98 2343.85 2343.85 1982.43 1501.6 0 1.7545 60.3493 171.824 -0.254281 0.967126 0.00304792 0.834791 0.221076 -0.504232 -0.488329 -0.125672 -0.863563 -0.127571 0.107425 -0.0131741 4000 3000 
99 2343.85 2343.85 1982.43 1501.6 0 1.17147 60.5151 171.642 -0.336712 0.941601 0.00351228 0.813229 0.292683 -0.502986 -0.47464 -0.166505 -0.864287 -0.127571 0.107425 -0.0131741 4000 3000 
100 2343.85 2343.85 1982.43 1501.6 0 0.450088 60.6835 171.433 -0.411543 0.911383 0.00368703 0.787389 0.357584 -0.502147 -0.458967 -0.203752 -0.864774 -0.127571 0.107425 -0.0131741 4000 3000 
101 2343.85 2343.85 1982.43 1501.6 0 -0.0686002 60.7645 170.91 -0.489532 0.871977 0.00393097 0.753241 0.425135 -0.501885 -0.439304 -0.242728 -0.864925 -0.127571 0.107425 -0.0131741 4000 3000 
102 2343.85 2343.85 1982.43 1501.6 0 -0.879428 60.8872 170.525 -0.560641 0.828047 0.00436709 0.715223 0.486896 -0.501387 -0.417299 -0.277975 -0.865212 -0.127571 0.107425 -0.0131741 4000 3000 
103 2343.85 2343.85 1982.43 1501.6 0 -1.37189 60.3494 169.454 -0.630033 0.776558 0.00403053 0.671235 0.547179 -0.500039 -0.390515 -0.312336 -0.865993 -0.127571 0.107425 -0.0131741 4000 3000 
104 2343.85 2343.85 1982.43 1501.6 0 -1.74178 60.7081 169.655 -0.692358 0.721549 0.00271711 0.62385 0.600495 -0.500217 -0.362563 -0.344634 -0.865896 -0.127571 0.107425 -0.0131741 4000 3000 
105 2343.85 2343.85 1982.43 1501.6 0 -2.43569 61.0819 169.88 -0.751571 0.659648 0.00245484 0.570217 0.65154 -0.500349 -0.331653 -0.374648 -0.86582 -0.127571 0.107425 -0.0131741 4000 3000 
106 2343.85 2343.85 1982.43 1501.6 0 -2.95019 61.4409 169.763 -0.806079 0.591805 0.00165891 0.511417 0.697991 -0.50126 -0.297806 -0.403207 -0.865295 -0.127571 0.107425 -0.0131741 4000 3000 
107 2343.85 2343.85 1982.43 1501.6 0 -3.35049 61.3168 169.818 -0.859256 0.511545 0.000946968 0.442391 0.744024 -0.500718 -0.256845 -0.429826 -0.86561 -0.127571 0.107425 -0.0131741 4000 3000 
108 2343.85 2343.85 1982.43 1501.6 0 -4.37352 61.4376 169.715 -0.900375 0.435108 0.00220253 0.375532 0.77963 -0.501151 -0.219772 -0.450397 -0.865357 -0.127571 0.107425 -0.0131741 4000 3000 
109 2343.85 2343.85 1982.43 1501.6 0 -4.83516 61.2167 169.487 -0.936283 0.351243 0.0014187 0.303224 0.810307 -0.501456 -0.177282 -0.469075 -0.865182 -0.127571 0.107425 -0.0131741 4000 3000 
110 2343.85 2343.85 1982.43 1501.6 0 -5.69677 61.0952 169.261 -0.962007 0.273018 0.00202755 0.235118 0.83219 -0.502174 -0.13879 -0.482618 -0.864764 -0.127571 0.107425 -0.0131741 4000 3000 
111 2343.85 2343.85 1982.43 1501.6 0 -6.13714 60.8858 169.111 -0.98041 0.196967 0.000453258 0.170062 0.847649 -0.502563 -0.0993724 -0.492641 -0.86454 -0.127571 0.107425 -0.0131741 4000 3000 
112 2343.85 2343.85 1982.43 1501.6 0 -6.60242 60.5769 168.424 -0.993746 0.111665 0.000402542 0.0962565 0.858436 -0.503807 -0.0566032 -0.500618 -0.863816 -0.127571 0.107425 -0.0131741 4000 3000 
113 2343.85 2343.85 1982.43 1501.6 0 -6.87693 60.2489 168.257 -0.99968 0.0252879 -0.000605502 0.0221422 0.863251 -0.504289 -0.0122297 -0.504141 -0.863534 -0.127571 0.107425 -0.0131741 4000 3000 
114 2343.85 2343.85 1982.43 1501.6 0 -7.31755 59.9143 168.305 -0.998192 -0.0600906 -0.00107973 -0.0513641 0.862286 -0.50381 0.0312053 -0.502844 -0.863814 -0.127571 0.107425 -0.0131741 4000 3000 
115 2343.85 2343.85 1982.43 1501.6 0 -7.82692 60.0504 168.8 -0.990308 -0.138871 -0.0021335 -0.11883 0.855141 -0.504592 0.0718978 -0.499448 -0.863355 -0.127571 0.107425 -0.0131741 4000 3000 
116 2343.85 2343.85 1982.43 1501.6 0 -8.06305 60.0744 168.969 -0.9758 -0.218629 -0.00395938 -0.186648 0.84222 -0.505795 0.113916 -0.492816 -0.862645 -0.127571 0.107425 -0.0131741 4000 3000 
117 2343.85 2343.85 1982.43 1501.6 0 -8.36007 59.7515 169.104 -0.954657 -0.297659 -0.00535431 -0.254107 0.824084 -0.506276 0.15511 -0.48196 -0.862355 -0.127571 0.107425 -0.0131741 4000 3000 
118 2343.85 2343.85 1982.43 1501.6 0 -8.62621 59.4411 168.645 -0.924668 -0.380732 -0.0056554 -0.325111 0.797143 -0.508789 0.19822 -0.468623 -0.860873 -0.127571 0.107425 -0.0131741 4000 3000 
119 2343.85 2343.85 1982.43 1501.6 0 -9.04475 59.5863 168.703 -0.888762 -0.458333 -0.00573027 -0.391194 0.764969 -0.511654 0.238892 -0.452497 -0.859172 -0.127571 0.107425 -0.0131741 4000 3000 
120 2343.85 2343.85 1982.43 1501.6 0 -9.36888 59.945 169.416 -0.847312 -0.531052 -0.00671832 -0.452389 0.728315 -0.514686 0.278218 -0.43306 -0.857353 -0.127571 0.107425 -0.0131741 4000 3000 
121 2343.85 2343.85 1982.43 1501.6 0 -8.93942 59.5462 168.993 -0.79109 -0.611645 -0.00821104 -0.520142 0.679684 -0.517187 0.321916 -0.404871 -0.855833 -0.127571 0.107425 -0.0131741 4000 3000 
122 2343.85 2343.85 1982.43 1501.6 0 -8.95415 59.4528 168.988 -0.734039 -0.679045 -0.0092572 -0.576481 0.630258 -0.520043 0.358967 -0.376395 -0.85409 -0.127571 0.107425 -0.0131741 4000 3000 
123 2343.85 2343.85 1982.43 1501.6 0 -8.8518 59.3944 169.143 -0.678524 -0.734501 -0.0106407 -0.622656 0.582767 -0.52219 0.38975 -0.347693 -0.852763 -0.127571 0.107425 -0.0131741 4000 3000 
124 2343.85 2343.85 1982.43 1501.6 0 -8.87157 59.676 169.885 -0.612067 -0.790737 -0.0104547 -0.669802 0.525395 -0.524714 0.420404 -0.314158 -0.851214 -0.127571 0.107425 -0.0131741 4000 3000 
125 2343.85 2343.85 1982.43 1501.6 0 -8.85994 59.3808 170.478 -0.544766 -0.838522 -0.0105422 -0.710398 0.468134 -0.525533 0.445606 -0.278803 -0.850708 -0.127571 0.107425 -0.0131741 4000 3000 
126 2343.85 2343.85 1982.43 1501.6 0 -8.64919 59.0498 170.866 -0.472223 -0.881414 -0.0106881 -0.747038 0.406607 -0.525933 0.467911 -0.240373 -0.850459 -0.127571 0.107425 -0.0131741 4000 3000 
127 2343.85 2343.85 1982.43 1501.6 0 -8.5062 58.5737 171.218 -0.403752 -0.914791 -0.0119286 -0.775668 0.349204 -0.525734 0.485102 -0.203014 -0.850565 -0.127571 0.107425 -0.0131741 4000 3000 
128 2343.85 2343.85 1982.43 1501.6 0 -8.03023 58.0663 171.434 -0.330505 -0.943707 -0.0135495 -0.799891 0.2877 -0.526691 0.50094 -0.163236 -0.849949 -0.127571 0.107425 -0.0131741 4000 3000 
129 2343.85 2343.85 1982.43 1501.6 0 -7.61614 57.9624 172.133 -0.257872 -0.966059 -0.0152592 -0.819125 0.226971 -0.526801 0.512384 -0.123348 -0.849852 -0.127571 0.107425 -0.0131741 4000 3000 
130 2343.85 2343.85 1982.43 1501.6 0 -7.27396 57.4156 172.011 -0.18558 -0.982493 -0.016375 -0.833071 0.16615 -0.527623 0.521107 -0.0842747 -0.849321 -0.127571 0.107425 -0.0131741 4000 3000 
131 2343.85 2343.85 1982.43 1501.6 0 -6.85366 57.2236 172.156 -0.122012 -0.992356 -0.018493 -0.841462 0.113305 -0.528302 0.526359 -0.0488983 -0.848855 -0.127571 0.107425 -0.0131741 4000 3000 
132 2343.85 2343.85 1982.43 1501.6 0 -6.14497 57.3092 172.058 -0.0543998 -0.998305 -0.0206703 -0.845459 0.0570651 -0.530983 0.531263 -0.0114095 -0.84713 -0.127571 0.107425 -0.0131741 4000 3000 
133 2343.85 2343.85 1982.43 1501.6 0 -5.49033 56.9206 172.289 0.0137007 -0.999656 -0.022354 -0.84746 0.000256098 -0.530859 0.530683 0.0262173 -0.847165 -0.127571 0.107425 -0.0131741 4000 3000 
134 2343.85 2343.85 1982.43 1501.6 0 -5.14815 56.4979 172.812 0.082362 -0.996333 -0.0231708 -0.846138 -0.0576241 -0.52984 0.526561 0.0632443 -0.847781 -0.127571 0.107425 -0.0131741 4000 3000 
135 2343.85 2343.85 1982.43 1501.6 0 -4.80932 56.0774 172.931 0.153325 -0.987898 -0.0234228 -0.839843 -0.117782 -0.529897 0.520725 0.100918 -0.847739 -0.127571 0.107425 -0.0131741 4000 3000 
136 2343.85 2343.85 1982.43 1501.6 0 -4.35966 55.8163 173.037 0.225848 -0.973889 -0.0230811 -0.828217 -0.179484 -0.530889 0.512884 0.139016 -0.847127 -0.127571 0.107425 -0.0131741 4000 3000 
137 2343.85 2343.85 1982.43 1501.6 0 -4.08173 55.1719 172.642 0.291886 -0.956164 -0.0235358 -0.813986 -0.235412 -0.531044 0.502225 0.174162 -0.847017 -0.127571 0.107425 -0.0131741 4000 3000 
