0 2330.1 2330.1 1984.26 1507.86 0 0.0713681 19.7186 4.6801 -0.913801 -0.406138 -0.00440912 -0.0906663 0.214555 -0.972495 0.395913 -0.888267 -0.232884 -0.134346 0.117089 -0.020477 4000 3000 
1 2330.1 2330.1 1984.26 1507.86 0 -0.0733778 19.7126 4.75838 -0.980963 -0.194189 -0.00112141 -0.0440952 0.228367 -0.972576 0.18912 -0.954012 -0.232583 -0.134346 0.117089 -0.020477 4000 3000 
2 2330.1 2330.1 1984.26 1507.86 0 -0.26783 19.6878 4.75173 -0.981189 0.192992 0.00480786 0.0399031 0.227112 -0.973051 -0.188883 -0.954555 -0.230541 -0.134346 0.117089 -0.020477 4000 3000 
3 2330.1 2330.1 1984.26 1507.86 0 -0.441038 19.6395 4.62379 -0.823427 0.56735 0.00900585 0.122025 0.192557 -0.973669 -0.554145 -0.800647 -0.227788 -0.134346 0.117089 -0.020477 4000 3000 
4 2330.1 2330.1 1984.26 1507.86 0 -0.426612 19.53 4.46505 -0.599739 0.800139 0.00948737 0.175072 0.142774 -0.974149 -0.780809 -0.582574 -0.225709 -0.134346 0.117089 -0.020477 4000 3000 
5 2330.1 2330.1 1984.26 1507.86 0 -0.42191 19.4123 4.3505 -0.262366 0.96492 0.00969134 0.213051 0.0677189 -0.974691 -0.941155 -0.253661 -0.223344 -0.134346 0.117089 -0.020477 4000 3000 
6 2330.1 2330.1 1984.26 1507.86 0 -0.30728 19.4059 4.39735 0.125818 0.991999 0.0103828 0.221134 -0.0178415 -0.97508 -0.967093 0.124979 -0.22161 -0.134346 0.117089 -0.020477 4000 3000 
7 2330.1 2330.1 1984.26 1507.86 0 -0.308847 19.4257 4.46124 0.385338 0.922729 0.0092868 0.207973 -0.077037 -0.975096 -0.899034 0.377673 -0.221588 -0.134346 0.117089 -0.020477 4000 3000 
8 2330.1 2330.1 1984.26 1507.86 0 -0.362566 19.4672 4.57388 0.648291 0.761325 0.010146 0.176674 -0.137455 -0.974624 -0.740611 0.633633 -0.223617 -0.134346 0.117089 -0.020477 4000 3000 
9 2330.1 2330.1 1984.26 1507.86 0 -0.763497 19.7976 4.22216 0.545417 -0.838141 0.00630141 -0.1889 -0.130244 -0.973321 0.816601 0.529676 -0.229362 -0.134346 0.117089 -0.020477 4000 3000 
10 2330.1 2330.1 1984.26 1507.86 0 -0.595727 19.8497 4.1371 0.312362 -0.949948 0.00537462 -0.217309 -0.0769609 -0.973064 0.924774 0.30278 -0.230472 -0.134346 0.117089 -0.020477 4000 3000 
11 2330.1 2330.1 1984.26 1507.86 0 -0.425658 19.8954 4.13374 0.00318195 -0.999974 0.00643562 -0.230414 -0.00699564 -0.973068 0.973088 0.00161339 -0.23043 -0.134346 0.117089 -0.020477 4000 3000 
12 2330.1 2330.1 1984.26 1507.86 0 -0.294971 19.9053 4.12197 -0.343385 -0.939167 0.00719471 -0.217425 0.0720394 -0.973415 0.913681 -0.33582 -0.228936 -0.134346 0.117089 -0.020477 4000 3000 
13 2330.1 2330.1 1984.26 1507.86 0 -0.0752462 19.8789 4.11713 -0.652203 -0.758015 0.00659301 -0.177807 0.144521 -0.973395 0.736896 -0.636024 -0.229038 -0.134346 0.117089 -0.020477 4000 3000 
14 2330.1 2330.1 1984.26 1507.86 0 0.0887679 19.7959 4.23386 -0.919273 -0.393594 0.0046308 -0.0942921 0.208775 -0.973408 0.382161 -0.895263 -0.229034 -0.134346 0.117089 -0.020477 4000 3000 
15 2330.1 2330.1 1984.26 1507.86 0 0.361236 15.1657 13.1015 -0.983285 -0.182008 -0.0048632 -0.116592 0.649948 -0.750982 0.139846 -0.737863 -0.660305 -0.134346 0.117089 -0.020477 4000 3000 
16 2330.1 2330.1 1984.26 1507.86 0 0.259841 15.1385 13.1868 -0.999931 0.0116518 0.00111043 0.00687039 0.661104 -0.750262 -0.00947599 -0.750203 -0.661139 -0.134346 0.117089 -0.020477 4000 3000 
17 2330.1 2330.1 1984.26 1507.86 0 0.0975958 15.0828 13.2841 -0.937714 0.347263 0.0100476 0.221975 0.621146 -0.751602 -0.267244 -0.702557 -0.659541 -0.134346 0.117089 -0.020477 4000 3000 
18 2330.1 2330.1 1984.26 1507.86 0 -0.107962 15.0084 13.2923 -0.733734 0.679217 0.0172711 0.436178 0.490373 -0.754509 -0.520944 -0.546076 -0.656063 -0.134346 0.117089 -0.020477 4000 3000 
19 2330.1 2330.1 1984.26 1507.86 0 -0.205861 14.9526 13.2816 -0.232656 0.97239 0.018136 0.633473 0.165663 -0.755823 -0.737959 -0.164358 -0.654525 -0.134346 0.117089 -0.020477 4000 3000 
20 2330.1 2330.1 1984.26 1507.86 0 -0.29616 14.8972 13.2804 0.0479614 0.998612 0.0217692 0.649306 -0.0146089 -0.760387 -0.759014 0.0506041 -0.649105 -0.134346 0.117089 -0.020477 4000 3000 
21 2330.1 2330.1 1984.26 1507.86 0 -0.572761 14.9701 13.2501 0.444776 0.895314 0.0242478 0.587309 -0.271111 -0.762605 -0.676197 0.353429 -0.64641 -0.134346 0.117089 -0.020477 4000 3000 
22 2330.1 2330.1 1984.26 1507.86 0 -0.784891 15.0887 13.1876 0.757384 0.652538 0.0237224 0.435484 -0.477717 -0.762981 -0.486542 0.5882 -0.645986 -0.134346 0.117089 -0.020477 4000 3000 
23 2330.1 2330.1 1984.26 1507.86 0 -0.880914 15.2086 13.128 0.940422 0.339367 0.0208931 0.23386 -0.600997 -0.764272 -0.246812 0.723624 -0.644555 -0.134346 0.117089 -0.020477 4000 3000 
24 2330.1 2330.1 1984.26 1507.86 0 -1.05172 15.3924 12.9433 0.995898 -0.088792 0.0173975 -0.0437887 -0.641241 -0.766089 0.0791786 0.762185 -0.642499 -0.134346 0.117089 -0.020477 4000 3000 
25 2330.1 2330.1 1984.26 1507.86 0 -1.06289 15.483 12.935 0.948691 -0.315915 0.0135129 -0.194233 -0.615937 -0.763476 0.249517 0.721678 -0.645695 -0.134346 0.117089 -0.020477 4000 3000 
26 2330.1 2330.1 1984.26 1507.86 0 -1.10461 15.677 12.7782 0.758492 -0.651574 0.011933 -0.41489 -0.496929 -0.762186 0.50255 0.573161 -0.647248 -0.134346 0.117089 -0.020477 4000 3000 
27 2330.1 2330.1 1984.26 1507.86 0 -0.842317 15.8098 12.5835 0.375807 -0.926642 0.0101657 -0.600513 -0.251868 -0.758911 0.7058 0.279099 -0.651115 -0.134346 0.117089 -0.020477 4000 3000 
28 2330.1 2330.1 1984.26 1507.86 0 -0.577685 15.8653 12.4929 0.0511192 -0.998623 0.0117572 -0.651851 -0.0422825 -0.757167 0.756622 0.0310418 -0.653116 -0.134346 0.117089 -0.020477 4000 3000 
29 2330.1 2330.1 1984.26 1507.86 0 -0.254141 15.8887 12.5315 -0.295849 -0.955167 0.0113962 -0.628098 0.185528 -0.755694 0.719699 -0.230729 -0.654826 -0.134346 0.117089 -0.020477 4000 3000 
30 2330.1 2330.1 1984.26 1507.86 0 0.0577822 15.8463 12.7058 -0.714844 -0.699168 0.0127362 -0.466338 0.463065 -0.753724 0.521082 -0.544735 -0.657068 -0.134346 0.117089 -0.020477 4000 3000 
31 2330.1 2330.1 1984.26 1507.86 0 0.249622 15.689 12.8182 -0.911319 -0.411539 0.0115453 -0.27817 0.594825 -0.754191 0.303512 -0.69052 -0.656553 -0.134346 0.117089 -0.020477 4000 3000 
32 2330.1 2330.1 1984.26 1507.86 0 0.648566 4.84312 19.4052 -0.977443 -0.211164 -0.00385793 -0.204439 0.950584 -0.233656 0.0530069 -0.227596 -0.972312 -0.134346 0.117089 -0.020477 4000 3000 
33 2330.1 2330.1 1984.26 1507.86 0 0.291282 4.58794 19.3582 -0.974775 0.222702 0.0147214 0.213027 0.948045 -0.236285 -0.0665779 -0.227189 -0.971572 -0.134346 0.117089 -0.020477 4000 3000 
34 2330.1 2330.1 1984.26 1507.86 0 -0.253276 4.33593 19.3179 -0.44622 0.894686 0.0206184 0.865392 0.437251 -0.244763 -0.228001 -0.091375 -0.969364 -0.134346 0.117089 -0.020477 4000 3000 
35 2330.1 2330.1 1984.26 1507.86 0 -0.651511 4.39492 19.3333 -0.00316379 0.999683 0.0249586 0.968508 0.00927697 -0.248808 -0.24896 0.0233854 -0.968231 -0.134346 0.117089 -0.020477 4000 3000 
36 2330.1 2330.1 1984.26 1507.86 0 -0.810714 4.46082 19.3667 0.334101 0.942237 0.0237667 0.91449 -0.317951 -0.25023 -0.228219 0.105337 -0.967895 -0.134346 0.117089 -0.020477 4000 3000 
37 2330.1 2330.1 1984.26 1507.86 0 -1.1444 4.68023 19.3697 0.694819 0.718776 0.0242448 0.699901 -0.668051 -0.252679 -0.165423 0.192535 -0.967246 -0.134346 0.117089 -0.020477 4000 3000 
38 2330.1 2330.1 1984.26 1507.86 0 -1.48074 5.08737 19.3253 0.940265 0.339569 0.024387 0.334261 -0.907229 -0.255354 -0.0645855 0.248252 -0.96654 -0.134346 0.117089 -0.020477 4000 3000 
39 2330.1 2330.1 1984.26 1507.86 0 -1.38476 5.7173 19.2257 0.940156 -0.339898 0.0239943 -0.32213 -0.909546 -0.262599 0.111081 0.239155 -0.964607 -0.134346 0.117089 -0.020477 4000 3000 
40 2330.1 2330.1 1984.26 1507.86 0 -1.02145 6.04078 19.1126 0.556254 -0.830798 0.0188941 -0.799329 -0.541126 -0.261259 0.227278 0.130224 -0.965084 -0.134346 0.117089 -0.020477 4000 3000 
41 2330.1 2330.1 1984.26 1507.86 0 -0.477364 5.90748 19.0886 -0.00932779 -0.999891 0.0114544 -0.967569 0.00613338 -0.252531 0.252433 -0.0134385 -0.967521 -0.134346 0.117089 -0.020477 4000 3000 
42 2330.1 2330.1 1984.26 1507.86 0 -0.0351904 5.70049 19.1115 -0.634097 -0.773104 0.0152002 -0.751313 0.611336 -0.248591 0.182894 -0.16905 -0.968489 -0.134346 0.117089 -0.020477 4000 3000 
43 2330.1 2330.1 1984.26 1507.86 0 0.931949 5.03196 19.1976 -0.962769 -0.270041 -0.0123617 -0.259879 0.937192 -0.232669 0.0744153 -0.220794 -0.972478 -0.134346 0.117089 -0.020477 4000 3000 
44 2330.1 2330.1 1984.26 1507.86 0 1.07323 -0.401409 19.94 -0.929388 -0.368347 -0.0236203 -0.369063 0.92833 0.0446813 0.00546915 0.0502437 -0.998722 -0.134346 0.117089 -0.020477 4000 3000 
45 2330.1 2330.1 1984.26 1507.86 0 0.517172 -0.970024 19.9972 -0.970274 0.24167 0.0128049 0.242004 0.969227 0.0450947 -0.00151287 0.046853 -0.998901 -0.134346 0.117089 -0.020477 4000 3000 
46 2330.1 2330.1 1984.26 1507.86 0 0.0215097 -1.02949 19.8944 -0.718305 0.695169 0.027896 0.695695 0.717298 0.0386415 0.00685262 0.0471635 -0.998864 -0.134346 0.117089 -0.020477 4000 3000 
47 2330.1 2330.1 1984.26 1507.86 0 -0.492872 -0.901251 19.7733 -0.10294 0.993951 0.0382668 0.994424 0.101952 0.0269407 0.0228764 0.0408267 -0.998904 -0.134346 0.117089 -0.020477 4000 3000 
48 2330.1 2330.1 1984.26 1507.86 0 -0.964567 -0.446027 19.6954 0.721686 0.691221 0.0371899 0.691557 -0.722305 0.0049952 0.0303152 0.022114 -0.999296 -0.134346 0.117089 -0.020477 4000 3000 
49 2330.1 2330.1 1984.26 1507.86 0 -1.1414 0.242039 19.6781 0.988514 -0.149134 0.0244647 -0.148965 -0.988805 -0.0085976 0.025473 0.00485445 -0.999664 -0.134346 0.117089 -0.020477 4000 3000 
50 2330.1 2330.1 1984.26 1507.86 0 -1.01533 0.300877 19.8433 0.826742 -0.562414 0.013729 -0.562477 -0.826813 0.000885218 0.0108534 -0.00845406 -0.999905 -0.134346 0.117089 -0.020477 4000 3000 
51 2330.1 2330.1 1984.26 1507.86 0 -0.762326 0.265712 19.9358 0.513416 -0.858069 0.0110467 -0.858134 -0.513321 0.0103901 -0.00324492 -0.014814 -0.999885 -0.134346 0.117089 -0.020477 4000 3000 
52 2330.1 2330.1 1984.26 1507.86 0 -0.611753 0.3396 19.9936 0.0476195 -0.998743 0.0156569 -0.998702 -0.0473221 0.0188424 -0.0180777 -0.0165339 -0.9997 -0.134346 0.117089 -0.020477 4000 3000 
53 2330.1 2330.1 1984.26 1507.86 0 -0.278534 0.348654 20.0204 -0.536193 -0.84373 0.024816 -0.843352 0.536723 0.0261963 -0.0354219 -0.00688236 -0.999349 -0.134346 0.117089 -0.020477 4000 3000 
54 2330.1 2330.1 1984.26 1507.86 0 0.0273904 0.148937 19.9873 -0.917653 -0.396666 0.0238404 -0.396198 0.917899 0.0221231 -0.0306585 0.0108558 -0.999471 -0.134346 0.117089 -0.020477 4000 3000 
55 2330.1 2330.1 1984.26 1507.86 0 -0.379226 1.51344 -0.0476298 -0.975922 -0.216963 -0.0224374 0.0565252 -0.152213 -0.98673 0.210669 -0.96424 0.160812 -0.134346 0.117089 -0.020477 4000 3000 
56 2330.1 2330.1 1984.26 1507.86 0 -0.36219 1.91182 -0.151167 -0.975623 -0.218373 -0.0217737 0.0562613 -0.152983 -0.986626 0.212121 -0.9638 0.16154 -0.134346 0.117089 -0.020477 4000 3000 
57 2330.1 2330.1 1984.26 1507.86 0 -0.446785 2.34153 -0.209516 -0.975262 -0.220015 -0.0214017 0.0563281 -0.153725 -0.986507 0.213756 -0.963308 0.162315 -0.134346 0.117089 -0.020477 4000 3000 
58 2330.1 2330.1 1984.26 1507.86 0 -0.424815 2.72751 -0.331276 -0.974881 -0.221706 -0.0212826 0.0564181 -0.153377 -0.986556 0.215461 -0.962976 0.162032 -0.134346 0.117089 -0.020477 4000 3000 
59 2330.1 2330.1 1984.26 1507.86 0 -0.429092 3.39644 -0.465339 -0.974679 -0.222612 -0.0210909 0.0564749 -0.153806 -0.986486 0.21636 -0.962698 0.162483 -0.134346 0.117089 -0.020477 4000 3000 
60 2330.1 2330.1 1984.26 1507.86 0 -0.485288 4.20415 -0.632912 -0.974637 -0.222839 -0.0206076 0.0562422 -0.154773 -0.986348 0.216607 -0.962491 0.163381 -0.134346 0.117089 -0.020477 4000 3000 
61 2330.1 2330.1 1984.26 1507.86 0 -0.414616 4.2982 -0.27128 -0.974615 -0.222953 -0.0204293 0.036467 -0.0680545 -0.997015 0.220897 -0.972451 0.0744574 -0.134346 0.117089 -0.020477 4000 3000 
62 2330.1 2330.1 1984.26 1507.86 0 -0.415594 4.60039 -0.307788 -0.974606 -0.22297 -0.0206526 0.0365823 -0.0675508 -0.997045 0.220916 -0.972482 0.0739923 -0.134346 0.117089 -0.020477 4000 3000 
63 2330.1 2330.1 1984.26 1507.86 0 -0.453888 5.14619 -0.352971 -0.974729 -0.222469 -0.0202787 0.0361813 -0.0676411 -0.997053 0.220441 -0.972591 0.073981 -0.134346 0.117089 -0.020477 4000 3000 
64 2330.1 2330.1 1984.26 1507.86 0 -0.470721 6.1352 -0.42777 -0.974949 -0.221579 -0.0194363 0.0352381 -0.0675859 -0.997091 0.21962 -0.972798 0.0737008 -0.134346 0.117089 -0.020477 4000 3000 
65 2330.1 2330.1 1984.26 1507.86 0 -0.478574 7.00231 -0.468964 -0.975032 -0.22118 -0.0198125 0.0355207 -0.0672694 -0.997102 0.219206 -0.97291 0.0734463 -0.134346 0.117089 -0.020477 4000 3000 
66 2330.1 2330.1 1984.26 1507.86 0 -0.450838 7.51645 1.26283 -0.975479 -0.21925 -0.0192169 -0.0213792 0.181295 -0.983196 0.21905 -0.958677 -0.181537 -0.134346 0.117089 -0.020477 4000 3000 
67 2330.1 2330.1 1984.26 1507.86 0 -0.414556 7.9609 1.33785 -0.975612 -0.21865 -0.0193217 -0.0215741 0.183116 -0.982855 0.218439 -0.958468 -0.183367 -0.134346 0.117089 -0.020477 4000 3000 
68 2330.1 2330.1 1984.26 1507.86 0 -0.415224 8.76672 1.55869 -0.975768 -0.217946 -0.0193804 -0.021414 0.183269 -0.982829 0.217755 -0.958599 -0.183495 -0.134346 0.117089 -0.020477 4000 3000 
69 2330.1 2330.1 1984.26 1507.86 0 -0.463081 9.88548 1.88623 -0.975858 -0.217586 -0.01889 -0.0232515 0.1895 -0.981605 0.217164 -0.957468 -0.189985 -0.134346 0.117089 -0.020477 4000 3000 
70 2330.1 2330.1 1984.26 1507.86 0 -0.4497 11.5732 3.26564 -0.976317 -0.215527 -0.0187703 -0.0409068 0.269106 -0.962241 0.21244 -0.938685 -0.27155 -0.134346 0.117089 -0.020477 4000 3000 
71 2330.1 2330.1 1984.26 1507.86 0 -0.413511 12.3824 5.25859 -0.97667 -0.213932 -0.0186588 -0.0681003 0.390957 -0.917886 0.20366 -0.895201 -0.396405 -0.134346 0.117089 -0.020477 4000 3000 
72 2330.1 2330.1 1984.26 1507.86 0 -0.37037 13.5322 5.72827 -0.976961 -0.212586 -0.0188185 -0.0677921 0.392734 -0.91715 0.202364 -0.894744 -0.398097 -0.134346 0.117089 -0.020477 4000 3000 
73 2330.1 2330.1 1984.26 1507.86 0 -0.291026 16.1874 6.90818 -0.977601 -0.209717 -0.0177314 -0.0678942 0.393988 -0.916604 0.199214 -0.89487 -0.399402 -0.134346 0.117089 -0.020477 4000 3000 
74 2330.1 2330.1 1984.26 1507.86 0 -0.234837 14.557 10.3837 -0.978296 -0.206513 -0.0170092 -0.108566 0.580751 -0.806809 0.176495 -0.787452 -0.590567 -0.134346 0.117089 -0.020477 4000 3000 
75 2330.1 2330.1 1984.26 1507.86 0 -0.192262 15.2529 11.0924 -0.978793 -0.204189 -0.0164716 -0.108277 0.583932 -0.804549 0.173898 -0.785703 -0.593658 -0.134346 0.117089 -0.020477 4000 3000 
76 2330.1 2330.1 1984.26 1507.86 0 -0.21293 16.3908 12.0762 -0.979105 -0.202662 -0.0167597 -0.107296 0.584858 -0.804008 0.172744 -0.78541 -0.594383 -0.134346 0.117089 -0.020477 4000 3000 
77 2330.1 2330.1 1984.26 1507.86 0 -0.259083 18.5988 13.8351 -0.979664 -0.199943 -0.0167885 -0.105911 0.586365 -0.803094 0.170417 -0.784984 -0.595616 -0.134346 0.117089 -0.020477 4000 3000 
78 2330.1 2330.1 1984.26 1507.86 0 -0.258437 19.4347 14.4998 -0.979914 -0.198694 -0.0170105 -0.105098 0.587043 -0.802705 0.169478 -0.784794 -0.596134 -0.134346 0.117089 -0.020477 4000 3000 
79 2330.1 2330.1 1984.26 1507.86 0 -0.129676 20.7284 15.3349 -0.9801 -0.197807 -0.0166185 -0.105001 0.587665 -0.802262 0.168459 -0.784552 -0.596741 -0.134346 0.117089 -0.020477 4000 3000 
80 2330.1 2330.1 1984.26 1507.86 0 -0.0287657 22.4559 16.7618 -0.98036 -0.196446 -0.0173931 -0.103732 0.588654 -0.801702 0.16773 -0.784153 -0.59747 -0.134346 0.117089 -0.020477 4000 3000 
81 2330.1 2330.1 1984.26 1507.86 0 0.264308 24.2881 18.2642 -0.980308 -0.19659 -0.0186766 -0.10279 0.588737 -0.801762 0.168614 -0.784054 -0.597351 -0.134346 0.117089 -0.020477 4000 3000 
82 2330.1 2330.1 1984.26 1507.86 0 0.276767 19.3858 23.6979 -0.980601 -0.195081 -0.0191301 -0.139222 0.761853 -0.632612 0.137985 -0.617676 -0.774233 -0.134346 0.117089 -0.020477 4000 3000 
83 2330.1 2330.1 1984.26 1507.86 0 0.236434 19.7445 24.3465 -0.981051 -0.192897 -0.0181325 -0.138337 0.762926 -0.631512 0.135651 -0.617037 -0.775154 -0.134346 0.117089 -0.020477 4000 3000 
84 2330.1 2330.1 1984.26 1507.86 0 0.296151 20.7578 25.7496 -0.981197 -0.1922 -0.0176421 -0.13823 0.76357 -0.630756 0.134702 -0.616457 -0.775781 -0.134346 0.117089 -0.020477 4000 3000 
85 2330.1 2330.1 1984.26 1507.86 0 0.326236 22.1498 27.503 -0.981386 -0.191234 -0.0176278 -0.137557 0.76403 -0.630346 0.134012 -0.616188 -0.776114 -0.134346 0.117089 -0.020477 4000 3000 
86 2330.1 2330.1 1984.26 1507.86 0 0.417532 24.2764 30.0725 -0.981678 -0.189741 -0.0175226 -0.13654 0.764597 -0.62988 0.132912 -0.615947 -0.776495 -0.134346 0.117089 -0.020477 4000 3000 
87 2330.1 2330.1 1984.26 1507.86 0 0.475117 26.6322 32.9137 -0.981882 -0.188644 -0.0179496 -0.135358 0.764498 -0.630255 0.132616 -0.616406 -0.776181 -0.134346 0.117089 -0.020477 4000 3000 
88 2330.1 2330.1 1984.26 1507.86 0 0.450721 24.9365 31.1246 -0.98201 -0.188023 -0.0174412 -0.135272 0.764919 -0.629762 0.131751 -0.616074 -0.776592 -0.134346 0.117089 -0.020477 4000 3000 
89 2330.1 2330.1 1984.26 1507.86 0 0.462416 24.6935 30.7842 -0.982184 -0.187059 -0.0180041 -0.134197 0.765225 -0.62962 0.131553 -0.615987 -0.776694 -0.134346 0.117089 -0.020477 4000 3000 
90 2330.1 2330.1 1984.26 1507.86 0 0.451068 24.0958 29.9984 -0.982123 -0.187367 -0.0181333 -0.134279 0.764831 -0.630082 0.131925 -0.616383 -0.776317 -0.134346 0.117089 -0.020477 4000 3000 
91 2330.1 2330.1 1984.26 1507.86 0 0.431506 23.2857 28.9755 -0.982009 -0.187999 -0.0177518 -0.134984 0.764595 -0.630217 0.132053 -0.616482 -0.776216 -0.134346 0.117089 -0.020477 4000 3000 
92 2330.1 2330.1 1984.26 1507.86 0 0.39407 22.6039 28.1126 -0.981883 -0.188685 -0.0174347 -0.135663 0.764228 -0.630517 0.132293 -0.616729 -0.77598 -0.134346 0.117089 -0.020477 4000 3000 
93 2330.1 2330.1 1984.26 1507.86 0 0.38073 21.9475 27.3514 -0.981856 -0.188867 -0.0169443 -0.136109 0.764154 -0.63051 0.132031 -0.616764 -0.775996 -0.134346 0.117089 -0.020477 4000 3000 
94 2330.1 2330.1 1984.26 1507.86 0 0.430883 20.9594 26.154 -0.981886 -0.1887 -0.0170669 -0.135888 0.764119 -0.6306 0.132035 -0.616858 -0.77592 -0.134346 0.117089 -0.020477 4000 3000 
95 2330.1 2330.1 1984.26 1507.86 0 0.516512 20.2454 25.2664 -0.98191 -0.188559 -0.0172441 -0.135705 0.764325 -0.63039 0.132046 -0.616647 -0.776087 -0.134346 0.117089 -0.020477 4000 3000 
96 2330.1 2330.1 1984.26 1507.86 0 0.520568 19.5557 24.4186 -0.98193 -0.188406 -0.0177824 -0.135259 0.764434 -0.630353 0.132356 -0.616558 -0.776105 -0.134346 0.117089 -0.020477 4000 3000 
97 2330.1 2330.1 1984.26 1507.86 0 0.412024 18.4646 23.0344 -0.982169 -0.187127 -0.0180992 -0.134037 0.764501 -0.630533 0.131827 -0.616864 -0.775952 -0.134346 0.117089 -0.020477 4000 3000 
98 2330.1 2330.1 1984.26 1507.86 0 0.296508 17.7802 22.2144 -0.982322 -0.186323 -0.0180812 -0.133431 0.764654 -0.630477 0.131298 -0.616919 -0.775998 -0.134346 0.117089 -0.020477 4000 3000 
99 2330.1 2330.1 1984.26 1507.86 0 0.185887 16.9125 21.1889 -0.982352 -0.186135 -0.018365 -0.133093 0.764631 -0.630576 0.131415 -0.617004 -0.77591 -0.134346 0.117089 -0.020477 4000 3000 
100 2330.1 2330.1 1984.26 1507.86 0 0.17062 15.3543 19.2959 -0.981989 -0.18806 -0.0181764 -0.134582 0.763762 -0.631313 0.132607 -0.617496 -0.775315 -0.134346 0.117089 -0.020477 4000 3000 
101 2330.1 2330.1 1984.26 1507.86 0 0.0442506 16.3253 17.8548 -0.98229 -0.186464 -0.0183938 -0.123304 0.71722 -0.685851 0.141079 -0.671437 -0.727509 -0.134346 0.117089 -0.020477 4000 3000 
102 2330.1 2330.1 1984.26 1507.86 0 0.0526947 15.9836 17.2577 -0.982195 -0.18703 -0.0176668 -0.12415 0.716792 -0.686145 0.140993 -0.671735 -0.72725 -0.134346 0.117089 -0.020477 4000 3000 
103 2330.1 2330.1 1984.26 1507.86 0 0.126478 15.4331 16.5968 -0.982185 -0.18712 -0.0172616 -0.124481 0.716693 -0.686189 0.140771 -0.671816 -0.727218 -0.134346 0.117089 -0.020477 4000 3000 
104 2330.1 2330.1 1984.26 1507.86 0 0.229754 14.5812 15.7221 -0.982183 -0.18715 -0.0170923 -0.124635 0.716759 -0.686092 0.140653 -0.671738 -0.727314 -0.134346 0.117089 -0.020477 4000 3000 
105 2330.1 2330.1 1984.26 1507.86 0 0.162061 13.3996 14.451 -0.982124 -0.187422 -0.0174564 -0.124544 0.716557 -0.68632 0.14114 -0.671877 -0.72709 -0.134346 0.117089 -0.020477 4000 3000 
106 2330.1 2330.1 1984.26 1507.86 0 0.00230457 14.5471 11.0221 -0.981935 -0.188397 -0.0176392 -0.0977691 0.584961 -0.805147 0.162006 -0.788877 -0.592813 -0.134346 0.117089 -0.020477 4000 3000 
107 2330.1 2330.1 1984.26 1507.86 0 -0.0798923 14.1848 10.7532 -0.981694 -0.189708 -0.0169411 -0.098966 0.584072 -0.805646 0.162732 -0.789222 -0.592155 -0.134346 0.117089 -0.020477 4000 3000 
108 2330.1 2330.1 1984.26 1507.86 0 -0.0300869 13.0144 9.56187 -0.981504 -0.190704 -0.016764 -0.0993952 0.582479 -0.806746 0.163614 -0.790158 -0.590661 -0.134346 0.117089 -0.020477 4000 3000 
109 2330.1 2330.1 1984.26 1507.86 0 0.0714041 12.7031 8.47272 -0.981422 -0.191125 -0.0168006 -0.0924298 0.54772 -0.83154 0.16813 -0.814539 -0.55521 -0.134346 0.117089 -0.020477 4000 3000 
110 2330.1 2330.1 1984.26 1507.86 0 0.00186676 12.0077 8.24577 -0.981342 -0.191583 -0.0162227 -0.0929999 0.546828 -0.832064 0.168281 -0.815031 -0.554443 -0.134346 0.117089 -0.020477 4000 3000 
111 2330.1 2330.1 1984.26 1507.86 0 -0.116549 12.2573 5.69905 -0.981099 -0.19288 -0.0155352 -0.0643556 0.400952 -0.913836 0.18249 -0.895564 -0.405787 -0.134346 0.117089 -0.020477 4000 3000 
112 2330.1 2330.1 1984.26 1507.86 0 -0.124282 11.5239 5.27078 -0.981032 -0.193214 -0.0156608 -0.0641238 0.3997 -0.9144 0.182935 -0.896051 -0.404508 -0.134346 0.117089 -0.020477 4000 3000 
113 2330.1 2330.1 1984.26 1507.86 0 -0.0934903 10.6146 4.76804 -0.981066 -0.193036 -0.0156858 -0.0639496 0.399328 -0.914575 0.18281 -0.896256 -0.404112 -0.134346 0.117089 -0.020477 4000 3000 
114 2330.1 2330.1 1984.26 1507.86 0 -0.0495153 8.7216 3.866 -0.980833 -0.19421 -0.0157973 -0.0640896 0.398113 -0.915095 0.184009 -0.896543 -0.402929 -0.134346 0.117089 -0.020477 4000 3000 
115 2330.1 2330.1 1984.26 1507.86 0 -0.249921 8.87991 3.16831 -0.980632 -0.19529 -0.0149381 -0.0516775 0.331552 -0.942021 0.18892 -0.923004 -0.335222 -0.134346 0.117089 -0.020477 4000 3000 
116 3695.31 3695.31 2627.15 1928.87 0 15.25 1.52561 -2.04408 -0.867799 0.496715 -0.0140967 -0.067515 -0.145964 -0.986983 -0.492307 -0.855552 0.160203 0.0111931 -0.0379848 0.053235 5184 3888 
117 3695.31 3695.31 2627.15 1928.87 0 13.9153 1.54933 -0.372918 -0.877462 0.479323 -0.0176174 -0.0899678 -0.200554 -0.975543 -0.471133 -0.854417 0.219102 0.0111931 -0.0379848 0.053235 5184 3888 
118 3695.31 3695.31 2627.15 1928.87 0 12.4582 1.42147 -0.650263 -0.904425 0.425977 -0.0236341 -0.067246 -0.197042 -0.978086 -0.421299 -0.883017 0.206855 0.0111931 -0.0379848 0.053235 5184 3888 
119 3695.31 3695.31 2627.15 1928.87 0 10.8359 1.00346 -1.62712 -0.944836 0.324986 -0.0408588 -0.0366587 -0.228879 -0.972764 -0.325487 -0.917605 0.228166 0.0111931 -0.0379848 0.053235 5184 3888 
120 3695.31 3695.31 2627.15 1928.87 0 9.28259 1.09567 -2.15192 -0.96854 0.24791 -0.0216972 -0.0361606 -0.226461 -0.973349 -0.246217 -0.941943 0.228301 0.0111931 -0.0379848 0.053235 5184 3888 
121 3695.31 3695.31 2627.15 1928.87 0 7.81187 0.841634 -2.51937 -0.980498 0.19097 -0.0464225 0.00282594 -0.222485 -0.974932 -0.196511 -0.95605 0.217606 0.0111931 -0.0379848 0.053235 5184 3888 
122 3695.31 3695.31 2627.15 1928.87 0 6.32877 0.742674 -3.04296 -0.9937 0.101034 -0.0485053 0.0242041 -0.229119 -0.973098 -0.109429 -0.968141 0.22523 0.0111931 -0.0379848 0.053235 5184 3888 
123 3695.31 3695.31 2627.15 1928.87 0 4.89493 0.872615 -3.19651 -0.997773 0.0528741 -0.0406702 0.029303 -0.200295 -0.979297 -0.0599255 -0.978308 0.1983 0.0111931 -0.0379848 0.053235 5184 3888 
124 3695.31 3695.31 2627.15 1928.87 0 3.35606 0.741279 -3.17577 -0.997327 -0.045727 -0.0569973 0.0662119 -0.235522 -0.969611 0.0309133 -0.970793 0.23792 0.0111931 -0.0379848 0.053235 5184 3888 
125 3695.31 3695.31 2627.15 1928.87 0 1.97923 0.834262 -3.12049 -0.991889 -0.121678 -0.0367632 0.0653574 -0.24015 -0.968533 0.10902 -0.96308 0.246154 0.0111931 -0.0379848 0.053235 5184 3888 
126 3695.31 3695.31 2627.15 1928.87 0 0.475208 0.95918 -2.90329 -0.981396 -0.18942 -0.0313321 0.0736159 -0.22053 -0.972598 0.17732 -0.956811 0.230371 0.0111931 -0.0379848 0.053235 5184 3888 
127 3695.31 3695.31 2627.15 1928.87 0 -0.800636 1.07561 -2.56295 -0.96603 -0.258167 -0.0116273 0.0676363 -0.209151 -0.975542 0.249421 -0.943189 0.219508 0.0111931 -0.0379848 0.053235 5184 3888 
128 3695.31 3695.31 2627.15 1928.87 0 -2.21836 1.11796 -2.42898 -0.951517 -0.307258 -0.0144329 0.0816556 -0.207076 -0.974911 0.296561 -0.928823 0.222126 0.0111931 -0.0379848 0.053235 5184 3888 
129 3695.31 3695.31 2627.15 1928.87 0 -3.48483 1.14588 -2.4381 -0.933039 -0.358776 -0.0267956 0.111456 -0.217431 -0.969691 0.342076 -0.907746 0.242859 0.0111931 -0.0379848 0.053235 5184 3888 
130 3695.31 3695.31 2627.15 1928.87 0 -4.91732 1.23262 -2.3757 -0.914357 -0.404293 -0.0223385 0.105294 -0.184139 -0.977244 0.39098 -0.895902 0.210939 0.0111931 -0.0379848 0.053235 5184 3888 
131 3695.31 3695.31 2627.15 1928.87 0 -6.50766 1.37494 -1.79988 -0.871042 -0.490784 -0.0204458 0.120129 -0.172476 -0.977661 0.476294 -0.854039 0.209191 0.0111931 -0.0379848 0.053235 5184 3888 
132 3695.31 3695.31 2627.15 1928.87 0 -8.04359 1.48357 -1.33569 -0.82921 -0.558578 -0.0200301 0.139354 -0.171902 -0.975208 0.541287 -0.811443 0.220383 0.0111931 -0.0379848 0.053235 5184 3888 
133 3695.31 3695.31 2627.15 1928.87 0 -9.4079 1.45742 -1.28441 -0.813779 -0.58093 -0.0168442 0.153535 -0.18694 -0.970299 0.560528 -0.792195 0.241321 0.0111931 -0.0379848 0.053235 5184 3888 
134 3695.31 3695.31 2627.15 1928.87 0 -10.7953 1.58224 -0.45353 -0.754138 -0.656678 -0.00704064 0.149403 -0.161117 -0.975561 0.639496 -0.73676 0.219614 0.0111931 -0.0379848 0.053235 5184 3888 
135 3695.31 3695.31 2627.15 1928.87 0 -11.9949 1.92231 1.1362 -0.652758 -0.757552 -0.00473413 0.164458 -0.135602 -0.977019 0.739501 -0.638535 0.213101 0.0111931 -0.0379848 0.053235 5184 3888 
136 3695.31 3695.31 2627.15 1928.87 0 -13.4508 2.08407 0.896617 -0.661052 -0.750127 -0.01788 0.184123 -0.139067 -0.973015 0.727399 -0.646506 0.230046 0.0111931 -0.0379848 0.053235 5184 3888 
137 3695.31 3695.31 2627.15 1928.87 0 -14.491 2.13227 1.47786 -0.601579 -0.798763 -0.00899754 0.187014 -0.129879 -0.973734 0.776614 -0.58746 0.227512 0.0111931 -0.0379848 0.053235 5184 3888 
138 3695.31 3695.31 2627.15 1928.87 0 -15.3244 2.32346 1.77533 -0.545881 -0.837747 -0.0139389 0.194546 -0.110551 -0.974644 0.814963 -0.534752 0.223328 0.0111931 -0.0379848 0.053235 5184 3888 
139 3695.31 3695.31 2627.15 1928.87 0 -16.2293 2.67629 2.051 -0.494836 -0.868761 -0.0198129 0.227947 -0.107767 -0.967691 0.838557 -0.483365 0.251358 0.0111931 -0.0379848 0.053235 5184 3888 
140 3695.31 3695.31 2627.15 1928.87 0 -16.2768 2.15685 0.701622 -0.486664 -0.873504 -0.0122255 0.205798 -0.101035 -0.973365 0.849003 -0.476217 0.228935 0.0111931 -0.0379848 0.053235 5184 3888 
141 3695.31 3695.31 2627.15 1928.87 0 -16.8807 2.3714 0.837706 -0.421821 -0.906464 -0.0197317 0.224541 -0.0833555 -0.970893 0.878435 -0.413974 0.2387 0.0111931 -0.0379848 0.053235 5184 3888 
142 3695.31 3695.31 2627.15 1928.87 0 -18.0467 2.51808 0.0324649 -0.42305 -0.905369 -0.0365399 0.223597 -0.0652308 -0.972496 0.878085 -0.419585 0.230034 0.0111931 -0.0379848 0.053235 5184 3888 
