0 3647.6 3647.6 2722.77 1842.32 0 -26.3076 1667.14 1056.41 -0.918802 0.394712 -0.00231073 0.196372 0.452016 -0.870126 -0.342405 -0.799927 -0.492824 0.000741297 -0.0112137 0.0117254 5472 3648 
1 3647.6 3647.6 2722.77 1842.32 0 -8.70397 1651.01 1079.91 -0.510167 0.860052 0.00630327 0.42885 0.260725 -0.864934 -0.745531 -0.438558 -0.501847 0.000741297 -0.0112137 0.0117254 5472 3648 
2 3647.6 3647.6 2722.77 1842.32 0 -7.07283 1641.17 1094.43 -0.986413 -0.164266 0.00236322 -0.0866174 0.507805 -0.857107 0.139593 -0.845666 -0.515133 0.000741297 -0.0112137 0.0117254 5472 3648 
3 3647.6 3647.6 2722.77 1842.32 0 -31.501 1598.72 1155.78 0.968453 -0.248767 0.0146212 -0.123689 -0.530802 -0.838422 0.216332 0.810163 -0.544826 0.000741297 -0.0112137 0.0117254 5472 3648 
4 3647.6 3647.6 2722.77 1842.32 0 -28.7909 1653.9 1076.85 0.54418 -0.838903 0.0104894 -0.415353 -0.280252 -0.865414 0.728938 0.466584 -0.500948 0.000741297 -0.0112137 0.0117254 5472 3648 
5 3647.6 3647.6 2722.77 1842.32 0 -27.2039 1721.1 970.366 0.466971 0.884152 0.0146031 0.385619 -0.188751 -0.903145 -0.795761 0.427374 -0.429087 0.000741297 -0.0112137 0.0117254 5472 3648 
6 3647.6 3647.6 2722.77 1842.32 0 -1.76028 1788.36 848.688 -0.353943 -0.935246 -0.00617548 -0.321463 0.127853 -0.938251 0.878286 -0.330103 -0.345899 0.000741297 -0.0112137 0.0117254 5472 3648 
7 3647.6 3647.6 2722.77 1842.32 0 -28.7388 1632.07 1109.23 0.690328 -0.723412 0.0110045 -0.369368 -0.365472 -0.854399 0.622105 0.585751 -0.519501 0.000741297 -0.0112137 0.0117254 5472 3648 
8 3647.6 3647.6 2722.77 1842.32 0 11.8328 1781.6 854.236 0.49454 0.869142 0.00467576 0.325444 -0.180184 -0.928235 -0.805926 0.460571 -0.371965 0.000741297 -0.0112137 0.0117254 5472 3648 
9 3647.6 3647.6 2722.77 1842.32 0 -9.77731 1661.9 1063.21 -0.945658 -0.325153 0.0025562 -0.163638 0.469094 -0.867856 0.280987 -0.821113 -0.496809 0.000741297 -0.0112137 0.0117254 5472 3648 
10 3647.6 3647.6 2722.77 1842.32 0 -18.8357 1742.92 931.981 -0.852712 -0.522362 -0.00444749 -0.208726 0.348509 -0.91377 0.478868 -0.778254 -0.406208 0.000741297 -0.0112137 0.0117254 5472 3648 
11 3647.6 3647.6 2722.77 1842.32 0 -33.7756 1608.28 1143.32 0.994755 0.100832 0.0171584 0.0684721 -0.531879 -0.844048 -0.0759811 0.840796 -0.535994 0.000741297 -0.0112137 0.0117254 5472 3648 
12 3647.6 3647.6 2722.77 1842.32 0 -37.6041 1667.17 1057.38 0.825728 0.563708 0.0201631 0.287183 -0.389365 -0.875169 -0.485489 0.728442 -0.483397 0.000741297 -0.0112137 0.0117254 5472 3648 
13 3647.6 3647.6 2722.77 1842.32 0 -32.8963 1600.19 1154.16 0.997147 -0.0737561 0.0160366 -0.0266377 -0.542665 -0.839527 0.0706227 0.836705 -0.543081 0.000741297 -0.0112137 0.0117254 5472 3648 
14 3647.6 3647.6 2722.77 1842.32 0 -17.6888 1726.13 958.233 -0.674466 -0.738302 0.00241302 -0.321052 0.290346 -0.901457 0.664847 -0.608777 -0.432862 0.000741297 -0.0112137 0.0117254 5472 3648 
15 3647.6 3647.6 2722.77 1842.32 0 -30.956 1602.79 1150.06 0.907312 -0.420239 0.0135886 -0.217507 -0.496774 -0.840182 0.359828 0.759352 -0.542134 0.000741297 -0.0112137 0.0117254 5472 3648 
16 3647.6 3647.6 2722.77 1842.32 0 5.88998 1773.47 877.789 -0.0237769 -0.999707 -0.00453974 -0.365342 0.012916 -0.930784 0.93057 -0.0204726 -0.365542 0.000741297 -0.0112137 0.0117254 5472 3648 
17 3647.6 3647.6 2722.77 1842.32 0 -23.1434 1678.23 1039.58 -0.996317 0.0856531 -0.00403412 0.0446041 0.477506 -0.877496 -0.0732339 -0.874444 -0.479568 0.000741297 -0.0112137 0.0117254 5472 3648 
18 3647.6 3647.6 2722.77 1842.32 0 -13.2743 1776.45 870.193 -0.643129 -0.765741 -0.00499118 -0.275023 0.237059 -0.931754 0.714666 -0.597865 -0.363056 0.000741297 -0.0112137 0.0117254 5472 3648 
19 3647.6 3647.6 2722.77 1842.32 0 14.2666 1676.89 1041.19 0.99564 0.0930464 0.00655718 0.0506794 -0.480597 -0.875476 -0.0783086 0.871992 -0.483217 0.000741297 -0.0112137 0.0117254 5472 3648 
20 3647.6 3647.6 2722.77 1842.32 0 -5.85628 1624.56 1118.45 -0.999995 0.00121432 0.00286025 -0.00178478 0.529042 -0.848594 -0.00254365 -0.848595 -0.529037 0.000741297 -0.0112137 0.0117254 5472 3648 
21 3647.6 3647.6 2722.77 1842.32 0 -23.3297 1705.86 995.476 -0.973289 -0.229559 -0.00341663 -0.100174 0.438016 -0.893369 0.206578 -0.869163 -0.449312 0.000741297 -0.0112137 0.0117254 5472 3648 
22 3647.6 3647.6 2722.77 1842.32 0 12.6607 1708.22 989.61 0.91379 0.406125 0.00710918 0.190505 -0.413051 -0.89056 -0.358742 0.815139 -0.454811 0.000741297 -0.0112137 0.0117254 5472 3648 
23 3647.6 3647.6 2722.77 1842.32 0 -13.7403 1707.22 990.601 -0.785591 -0.618743 0.00201792 -0.281648 0.354689 -0.891555 0.550927 -0.700966 -0.452908 0.000741297 -0.0112137 0.0117254 5472 3648 
24 3647.6 3647.6 2722.77 1842.32 0 -18.4592 1740.71 932.223 -0.372585 -0.927997 0.00168622 -0.386287 0.153439 -0.909526 0.843779 -0.339527 -0.415643 0.000741297 -0.0112137 0.0117254 5472 3648 
25 3647.6 3647.6 2722.77 1842.32 0 0.600396 1725.19 964.17 0.142714 0.989763 0.00112821 0.422242 -0.0598519 -0.904505 -0.895179 0.129562 -0.426461 0.000741297 -0.0112137 0.0117254 5472 3648 
26 3647.6 3647.6 2722.77 1842.32 0 12.8915 1747.99 918.834 0.740218 0.672342 0.00581467 0.28154 -0.302086 -0.910758 -0.610584 0.675796 -0.4129 0.000741297 -0.0112137 0.0117254 5472 3648 
27 3647.6 3647.6 2722.77 1842.32 0 21.1383 1717.69 976.292 -0.03769 0.999254 -0.00840665 0.435741 0.00886344 -0.900029 -0.899283 -0.0375852 -0.43575 0.000741297 -0.0112137 0.0117254 5472 3648 
28 3647.6 3647.6 2722.77 1842.32 0 -2.83292 1607.03 1143.28 -0.873481 0.486846 0.003452 0.26117 0.474543 -0.840595 -0.410878 -0.733342 -0.541654 0.000741297 -0.0112137 0.0117254 5472 3648 
29 3647.6 3647.6 2722.77 1842.32 0 20.7087 1701.26 1003.38 0.631212 -0.77561 -0.000692971 -0.350094 -0.284118 -0.892587 0.692102 0.563655 -0.450875 0.000741297 -0.0112137 0.0117254 5472 3648 
30 3647.6 3647.6 2722.77 1842.32 0 -5.70978 1630.7 1109.83 -0.650946 0.759108 0.0048995 0.392286 0.341903 -0.853941 -0.649908 -0.553947 -0.520348 0.000741297 -0.0112137 0.0117254 5472 3648 
31 3647.6 3647.6 2722.77 1842.32 0 13.5489 1778.59 860.399 -0.11469 0.993398 -0.00238385 0.373247 0.0408681 -0.926831 -0.920616 -0.107188 -0.37547 0.000741297 -0.0112137 0.0117254 5472 3648 
32 3647.6 3647.6 2722.77 1842.32 0 -27.2012 1678.92 1036.88 -0.754519 0.656278 -0.000425225 0.317924 0.364948 -0.875064 -0.574131 -0.660388 -0.484006 0.000741297 -0.0112137 0.0117254 5472 3648 
33 3647.6 3647.6 2722.77 1842.32 0 -3.25216 1615.96 1130.88 -0.773257 0.634082 0.0036718 0.33594 0.414573 -0.845739 -0.53779 -0.65274 -0.533585 0.000741297 -0.0112137 0.0117254 5472 3648 
34 3647.6 3647.6 2722.77 1842.32 0 -37.0952 1642.9 1093.89 0.906461 0.421833 0.0196324 0.228715 -0.451334 -0.862547 -0.35499 0.786355 -0.505596 0.000741297 -0.0112137 0.0117254 5472 3648 
35 3647.6 3647.6 2722.77 1842.32 0 -29.869 1614.19 1134.43 0.81388 -0.580903 0.0122998 -0.301581 -0.440438 -0.845614 0.496637 0.684519 -0.533653 0.000741297 -0.0112137 0.0117254 5472 3648 
36 3647.6 3647.6 2722.77 1842.32 0 41.13 1710.93 986.606 -0.202612 0.979082 -0.0186276 0.439164 0.0738462 -0.895367 -0.875262 -0.189593 -0.44494 0.000741297 -0.0112137 0.0117254 5472 3648 
37 3647.6 3647.6 2722.77 1842.32 0 -26.245 1680.53 1035.4 0.372737 -0.9279 0.00834571 -0.439954 -0.184634 -0.878835 0.817012 0.323902 -0.477053 0.000741297 -0.0112137 0.0117254 5472 3648 
38 3647.6 3647.6 2722.77 1842.32 0 -26.698 1711.81 981.886 -0.510789 0.859706 0.000640004 0.389553 0.232114 -0.891275 -0.766383 -0.455005 -0.453463 0.000741297 -0.0112137 0.0117254 5472 3648 
39 3647.6 3647.6 2722.77 1842.32 0 18.197 1662.99 1062.71 0.976384 -0.215985 0.00494094 -0.102341 -0.482543 -0.869873 0.190264 0.848824 -0.493252 0.000741297 -0.0112137 0.0117254 5472 3648 
40 3647.6 3647.6 2722.77 1842.32 0 -1.82867 1607.45 1142.26 -0.944436 0.328685 0.00257535 0.176101 0.51259 -0.840381 -0.27754 -0.793232 -0.54199 0.000741297 -0.0112137 0.0117254 5472 3648 
41 3647.6 3647.6 2722.77 1842.32 0 -35.5892 1623.74 1121.37 0.967739 0.251344 0.0175538 0.145863 -0.502075 -0.852434 -0.205441 0.827494 -0.522539 0.000741297 -0.0112137 0.0117254 5472 3648 
42 3647.6 3647.6 2722.77 1842.32 0 -22.5776 1721.73 967.023 -0.00737636 -0.999962 0.00458191 -0.436143 -0.000906043 -0.899877 0.899847 -0.00863618 -0.43612 0.000741297 -0.0112137 0.0117254 5472 3648 
43 3647.6 3647.6 2722.77 1842.32 0 14.8949 1792.91 831.01 0.187629 0.982239 0.00135386 0.350085 -0.0655859 -0.934419 -0.917734 0.175798 -0.356173 0.000741297 -0.0112137 0.0117254 5472 3648 
44 3647.6 3647.6 2722.77 1842.32 0 -33.015 1708.07 992.128 0.606547 0.794856 0.0174754 0.361577 -0.256207 -0.896449 -0.70807 0.550057 -0.442803 0.000741297 -0.0112137 0.0117254 5472 3648 
45 3647.6 3647.6 2722.77 1842.32 0 -20.8715 1734.72 943.996 -0.196902 -0.980419 0.00295273 -0.414476 0.0805112 -0.906492 0.888504 -0.179714 -0.422213 0.000741297 -0.0112137 0.0117254 5472 3648 
46 3647.6 3647.6 2722.77 1842.32 0 -35.6541 1688.26 1024.74 0.726415 0.686994 0.0189793 0.330382 -0.324858 -0.88618 -0.602634 0.650005 -0.462953 0.000741297 -0.0112137 0.0117254 5472 3648 
47 3647.6 3647.6 2722.77 1842.32 0 20.7952 1671.74 1049.84 0.854373 -0.519655 0.00227226 -0.248918 -0.413081 -0.876016 0.456164 0.747879 -0.482277 0.000741297 -0.0112137 0.0117254 5472 3648 
