0 3062.41 3062.41 1958.05 1534.43 0 -0.432772 -0.495139 0.210422 -0.349656 0.0243246 0.936562 0.768658 0.578979 0.271933 -0.535635 0.81498 -0.221141 0.0208975 -0.0302932 0.0237502 4000 3000 
1 3062.41 3062.41 1958.05 1534.43 0 0.755358 -0.727426 1.3124 0.928325 0.0155014 0.371445 0.189853 0.839259 -0.509509 -0.319637 0.54351 0.776163 0.0208975 -0.0302932 0.0237502 4000 3000 
2 3062.41 3062.41 1958.05 1534.43 0 -0.383296 -0.7703 0.973996 -0.257702 -0.0133819 -0.966132 -0.669628 0.723308 0.168595 0.696555 0.690396 -0.195359 0.0208975 -0.0302932 0.0237502 4000 3000 
3 3062.41 3062.41 1958.05 1534.43 0 -0.386606 -0.168402 0.362113 -0.272396 0.0122372 -0.962108 -0.659295 0.725917 0.195895 0.700808 0.687673 -0.189669 0.0208975 -0.0302932 0.0237502 4000 3000 
4 3062.41 3062.41 1958.05 1534.43 0 -0.0291057 -0.516802 0.716928 -0.288972 0.0245643 -0.957022 -0.650597 0.728311 0.215141 0.702295 0.684806 -0.19448 0.0208975 -0.0302932 0.0237502 4000 3000 
5 3062.41 3062.41 1958.05 1534.43 0 -0.0832275 -0.126633 0.010502 0.999536 0.0117083 0.0281121 0.00941612 0.759073 -0.650937 -0.0289604 0.6509 0.758611 0.0208975 -0.0302932 0.0237502 4000 3000 
6 3062.41 3062.41 1958.05 1534.43 0 0.395984 -0.526395 0.393105 -0.471662 0.0183361 -0.881589 -0.465404 0.844008 0.266552 0.748955 0.536018 -0.389552 0.0208975 -0.0302932 0.0237502 4000 3000 
7 3062.41 3062.41 1958.05 1534.43 0 -0.492671 -0.201809 0.228224 0.653386 0.0202587 0.756754 0.312553 0.903245 -0.29404 -0.689491 0.428647 0.583835 0.0208975 -0.0302932 0.0237502 4000 3000 
8 3062.41 3062.41 1958.05 1534.43 0 0.0801848 -0.238277 0.427587 -0.959376 0.00832715 0.282007 0.197951 0.732096 0.651806 -0.201028 0.681151 -0.704004 0.0208975 -0.0302932 0.0237502 4000 3000 
9 3062.41 3062.41 1958.05 1534.43 0 0.255497 -0.440739 0.731271 -0.663817 0.022094 -0.747569 -0.286673 0.915701 0.281619 0.690772 0.401251 -0.601524 0.0208975 -0.0302932 0.0237502 4000 3000 
10 3062.41 3062.41 1958.05 1534.43 0 -0.167792 -0.683078 0.660494 -0.927659 0.0234657 0.372691 0.219027 0.842518 0.492129 -0.30245 0.538157 -0.786709 0.0208975 -0.0302932 0.0237502 4000 3000 
11 3062.41 3062.41 1958.05 1534.43 0 -0.352549 -0.379902 0.541974 0.972014 0.00870444 -0.23476 -0.17053 0.713469 -0.679619 0.161578 0.700633 0.694986 0.0208975 -0.0302932 0.0237502 4000 3000 
12 3062.41 3062.41 1958.05 1534.43 0 0.354299 -0.674856 0.852453 0.974209 0.0164794 -0.225047 -0.168368 0.717089 -0.676339 0.150233 0.696786 0.701369 0.0208975 -0.0302932 0.0237502 4000 3000 
13 3062.41 3062.41 1958.05 1534.43 0 -0.433575 -0.314536 0.144304 0.481527 0.0113842 0.876357 0.625828 0.695555 -0.352906 -0.613572 0.718383 0.327804 0.0208975 -0.0302932 0.0237502 4000 3000 
14 3062.41 3062.41 1958.05 1534.43 0 -0.0743344 -0.76968 0.632674 -0.976728 0.0165674 0.213842 0.158326 0.728287 0.666732 -0.144693 0.685072 -0.713961 0.0208975 -0.0302932 0.0237502 4000 3000 
15 3062.41 3062.41 1958.05 1534.43 0 0.41523 -1.15206 1.31048 0.999969 0.00715257 -0.00313936 -0.00726023 0.702801 -0.71135 -0.00288164 0.711351 0.702831 0.0208975 -0.0302932 0.0237502 4000 3000 
16 3062.41 3062.41 1958.05 1534.43 0 -0.407632 -0.276987 0.0809761 0.421396 0.0164656 0.906727 0.67711 0.659407 -0.326657 -0.603281 0.751606 0.266722 0.0208975 -0.0302932 0.0237502 4000 3000 
17 3062.41 3062.41 1958.05 1534.43 0 0.419154 -0.237572 0.39375 0.237274 0.0196909 0.971243 0.679352 0.711296 -0.180386 -0.694393 0.702617 0.155395 0.0208975 -0.0302932 0.0237502 4000 3000 
18 3062.41 3062.41 1958.05 1534.43 0 0.471562 -0.407207 0.560298 0.234616 0.0185348 0.971912 0.680084 0.711264 -0.177734 -0.69458 0.702681 0.154268 0.0208975 -0.0302932 0.0237502 4000 3000 
19 3062.41 3062.41 1958.05 1534.43 0 -0.219775 -0.850225 1.02776 0.967032 0.00539654 -0.2546 -0.182755 0.710953 -0.679077 0.177344 0.703219 0.6885 0.0208975 -0.0302932 0.0237502 4000 3000 
20 3062.41 3062.41 1958.05 1534.43 0 0.051402 -0.460717 0.61663 0.978309 -0.00282822 -0.207129 -0.144987 0.704811 -0.694421 0.147951 0.70939 0.689113 0.0208975 -0.0302932 0.0237502 4000 3000 
21 3062.41 3062.41 1958.05 1534.43 0 -0.502585 -0.439549 0.759415 -0.51914 0.0305842 0.854142 0.366803 0.91062 0.190333 -0.771977 0.412112 -0.483958 0.0208975 -0.0302932 0.0237502 4000 3000 
22 3062.41 3062.41 1958.05 1534.43 0 -0.46484 -0.379329 0.210178 0.299077 0.0143576 0.954121 0.680753 0.697461 -0.223883 -0.668676 0.716479 0.198821 0.0208975 -0.0302932 0.0237502 4000 3000 
23 3062.41 3062.41 1958.05 1534.43 0 -0.438231 -0.387022 0.54396 0.974954 -0.00194224 -0.222399 -0.155494 0.709006 -0.687846 0.159018 0.7052 0.690946 0.0208975 -0.0302932 0.0237502 4000 3000 
24 3062.41 3062.41 1958.05 1534.43 0 -0.247267 -0.227892 0.41926 -0.960252 -0.00427856 0.279102 0.186748 0.733305 0.65375 -0.207464 0.679887 -0.703358 0.0208975 -0.0302932 0.0237502 4000 3000 
25 3062.41 3062.41 1958.05 1534.43 0 -0.201636 -0.184616 -0.0999243 0.961613 0.0107524 0.274198 0.147076 0.823389 -0.548087 -0.231665 0.567375 0.7902 0.0208975 -0.0302932 0.0237502 4000 3000 
26 3062.41 3062.41 1958.05 1534.43 0 0.238549 -0.120142 0.286066 0.252839 0.0256618 0.967168 0.675431 0.711053 -0.195439 -0.692723 0.70267 0.162449 0.0208975 -0.0302932 0.0237502 4000 3000 
27 3062.41 3062.41 1958.05 1534.43 0 0.237725 -0.716139 0.475505 -0.937617 0.0124965 -0.347446 -0.243962 0.68836 0.683113 0.247705 0.725261 -0.642369 0.0208975 -0.0302932 0.0237502 4000 3000 
28 3062.41 3062.41 1958.05 1534.43 0 0.319346 -0.0983187 -0.0949485 0.757199 -0.0021991 -0.65318 -0.485884 0.666424 -0.565505 0.436539 0.745569 0.503548 0.0208975 -0.0302932 0.0237502 4000 3000 
29 3062.41 3062.41 1958.05 1534.43 0 0.463771 -0.429294 0.212455 -0.00509072 0.00699518 -0.999963 -0.723233 0.690551 0.00851263 0.690585 0.72325 0.00154374 0.0208975 -0.0302932 0.0237502 4000 3000 
30 3062.41 3062.41 1958.05 1534.43 0 0.41891 -0.399745 0.556175 0.972145 0.0142405 -0.233947 -0.173758 0.713669 -0.678591 0.157298 0.700339 0.696264 0.0208975 -0.0302932 0.0237502 4000 3000 
31 3062.41 3062.41 1958.05 1534.43 0 -0.246835 -0.165699 0.0658022 0.910269 0.0112866 0.413863 0.259543 0.763261 -0.591667 -0.322563 0.645992 0.691844 0.0208975 -0.0302932 0.0237502 4000 3000 
32 3062.41 3062.41 1958.05 1534.43 0 -0.0453584 0.0924148 -0.192311 0.999643 -0.00206525 -0.0266481 -0.0215138 0.52944 -0.848074 0.0158601 0.848345 0.529207 0.0208975 -0.0302932 0.0237502 4000 3000 
33 3062.41 3062.41 1958.05 1534.43 0 -0.473134 -0.366449 0.11706 -0.0123322 0.0248203 0.999616 0.816697 0.57705 -0.00425251 -0.576934 0.816331 -0.027387 0.0208975 -0.0302932 0.0237502 4000 3000 
34 3062.41 3062.41 1958.05 1534.43 0 0.489562 -1.13129 1.29946 0.999947 0.00868264 -0.00561865 -0.0101139 0.707523 -0.706618 -0.00215998 0.706637 0.707573 0.0208975 -0.0302932 0.0237502 4000 3000 
35 3062.41 3062.41 1958.05 1534.43 0 0.131877 0.102765 0.0616867 0.249148 0.0165682 0.968324 0.683749 0.705086 -0.187992 -0.685867 0.708928 0.164343 0.0208975 -0.0302932 0.0237502 4000 3000 
36 3062.41 3062.41 1958.05 1534.43 0 -0.358352 -0.0468785 -0.1095 0.744528 0.0136737 0.667451 0.555486 0.541857 -0.630734 -0.370288 0.840359 0.395832 0.0208975 -0.0302932 0.0237502 4000 3000 
37 3062.41 3062.41 1958.05 1534.43 0 -0.416181 -0.480806 0.642119 0.978519 -0.0118351 -0.205817 -0.136297 0.711894 -0.688934 0.154673 0.702187 0.694989 0.0208975 -0.0302932 0.0237502 4000 3000 
38 3062.41 3062.41 1958.05 1534.43 0 0.422774 -0.311423 0.098351 0.340952 0.00390749 -0.940073 -0.685365 0.685489 -0.245723 0.643449 0.728072 0.236397 0.0208975 -0.0302932 0.0237502 4000 3000 
39 3062.41 3062.41 1958.05 1534.43 0 0.481341 -0.470036 0.276444 -0.147614 0.00770548 -0.989015 -0.688622 0.716977 0.108366 0.709936 0.697054 -0.10053 0.0208975 -0.0302932 0.0237502 4000 3000 
40 3062.41 3062.41 1958.05 1534.43 0 -0.437873 -0.815638 0.986777 0.973762 -0.00426118 -0.227528 -0.157079 0.710857 -0.685572 0.164661 0.703324 0.691536 0.0208975 -0.0302932 0.0237502 4000 3000 
41 3062.41 3062.41 1958.05 1534.43 0 -0.368424 -0.448903 0.652085 -0.943501 0.0250357 0.330424 0.244794 0.724734 0.644078 -0.223344 0.688573 -0.689916 0.0208975 -0.0302932 0.0237502 4000 3000 
42 3062.41 3062.41 1958.05 1534.43 0 -0.100724 0.27482 0.10261 -0.950917 0.00169544 0.30944 0.309442 0.00978012 0.950868 -0.00141422 0.999951 -0.00982473 0.0208975 -0.0302932 0.0237502 4000 3000 
43 3062.41 3062.41 1958.05 1534.43 0 0.471208 0.101378 0.0547452 0.245792 0.0255037 0.968987 0.68227 0.705538 -0.191634 -0.688544 0.708213 0.156015 0.0208975 -0.0302932 0.0237502 4000 3000 
44 3062.41 3062.41 1958.05 1534.43 0 0.328759 0.10276 0.0565985 0.248545 0.0263363 0.968262 0.682169 0.704912 -0.194281 -0.687656 0.708806 0.157237 0.0208975 -0.0302932 0.0237502 4000 3000 
45 3062.41 3062.41 1958.05 1534.43 0 0.306197 -0.371503 0.530344 0.97313 0.0166999 -0.22965 -0.171912 0.716204 -0.676386 0.153181 0.697691 0.69983 0.0208975 -0.0302932 0.0237502 4000 3000 
46 3062.41 3062.41 1958.05 1534.43 0 -0.489068 -0.475335 0.348976 -0.0716128 0.0268506 0.997071 0.560218 0.828151 0.017935 -0.825244 0.559862 -0.0743484 0.0208975 -0.0302932 0.0237502 4000 3000 
47 3062.41 3062.41 1958.05 1534.43 0 -0.147134 -0.174561 -0.116171 0.987763 0.00946814 0.155676 0.0805887 0.823593 -0.561426 -0.133529 0.567102 0.812752 0.0208975 -0.0302932 0.0237502 4000 3000 
48 3062.41 3062.41 1958.05 1534.43 0 -0.126002 -0.348298 0.536565 -0.281106 0.0180932 -0.959506 -0.655604 0.726527 0.205772 0.70083 0.6869 -0.192369 0.0208975 -0.0302932 0.0237502 4000 3000 
49 3062.41 3062.41 1958.05 1534.43 0 0.374132 -0.256166 0.0444915 0.506088 0.00376667 -0.862474 -0.63327 0.680505 -0.368622 0.585529 0.732734 0.34678 0.0208975 -0.0302932 0.0237502 4000 3000 
50 3062.41 3062.41 1958.05 1534.43 0 -0.434727 -0.408373 0.198076 0.0691061 0.0233919 0.997335 0.746216 0.6623 -0.0672397 -0.662108 0.748874 0.0283136 0.0208975 -0.0302932 0.0237502 4000 3000 
51 3062.41 3062.41 1958.05 1534.43 0 0.0364918 -0.675079 0.669639 -0.998117 0.0175357 -0.0587732 -0.0162945 0.848006 0.529736 0.0591294 0.529696 -0.846124 0.0208975 -0.0302932 0.0237502 4000 3000 
52 3062.41 3062.41 1958.05 1534.43 0 -0.142737 0.0767139 -0.181586 0.983766 0.00428178 0.179408 0.149761 0.531239 -0.83388 -0.0988789 0.847211 0.521974 0.0208975 -0.0302932 0.0237502 4000 3000 
53 3062.41 3062.41 1958.05 1534.43 0 0.510007 -0.418081 0.186935 -0.149005 0.00879835 -0.988797 -0.722815 0.681407 0.114987 0.674785 0.731851 -0.0951738 0.0208975 -0.0302932 0.0237502 4000 3000 
54 3062.41 3062.41 1958.05 1534.43 0 -0.593284 -0.305814 0.460165 0.167354 0.026952 0.985528 0.414784 0.904928 -0.0951828 -0.894397 0.424711 0.140264 0.0208975 -0.0302932 0.0237502 4000 3000 
55 3062.41 3062.41 1958.05 1534.43 0 -0.195469 -0.537885 0.748366 -0.946093 0.00986139 0.323745 0.227664 0.731213 0.643037 -0.230385 0.682078 -0.69404 0.0208975 -0.0302932 0.0237502 4000 3000 
56 3062.41 3062.41 1958.05 1534.43 0 -0.583169 -0.374535 0.615657 -0.183707 0.027404 0.982599 0.415097 0.908274 0.0522757 -0.891037 0.417477 -0.178232 0.0208975 -0.0302932 0.0237502 4000 3000 
57 3062.41 3062.41 1958.05 1534.43 0 0.0220232 -0.433107 0.631732 -0.26068 0.00445852 -0.965415 -0.666627 0.722492 0.183338 0.698322 0.691365 -0.185367 0.0208975 -0.0302932 0.0237502 4000 3000 
58 3062.41 3062.41 1958.05 1534.43 0 0.0229533 -0.779389 0.943771 0.977454 -0.00328847 -0.211121 -0.146996 0.707183 -0.691581 0.151575 0.707023 0.690756 0.0208975 -0.0302932 0.0237502 4000 3000 
59 3062.41 3062.41 1958.05 1534.43 0 -0.0548571 -0.180357 0.365003 -0.261715 0.0172755 -0.964991 -0.661271 0.725074 0.192324 0.703012 0.688455 -0.178338 0.0208975 -0.0302932 0.0237502 4000 3000 
60 3062.41 3062.41 1958.05 1534.43 0 -0.435405 -0.158449 -0.0318284 0.4915 0.0166708 0.870718 0.716277 0.560954 -0.415062 -0.495352 0.827679 0.263768 0.0208975 -0.0302932 0.0237502 4000 3000 
61 3062.41 3062.41 1958.05 1534.43 0 0.157346 -0.117256 0.287485 0.251595 0.0196833 0.967632 0.676924 0.710982 -0.19047 -0.691718 0.702935 0.165556 0.0208975 -0.0302932 0.0237502 4000 3000 
62 3062.41 3062.41 1958.05 1534.43 0 0.251252 -0.86568 1.02623 0.96249 0.00278001 -0.271302 -0.194399 0.704611 -0.682446 0.189265 0.709589 0.678721 0.0208975 -0.0302932 0.0237502 4000 3000 
63 3062.41 3062.41 1958.05 1534.43 0 -0.2678 -0.658838 0.62551 -0.806331 0.0270325 0.590847 0.338418 0.840365 0.423392 -0.485081 0.541347 -0.68676 0.0208975 -0.0302932 0.0237502 4000 3000 
64 3062.41 3062.41 1958.05 1534.43 0 0.243957 0.101555 0.0595192 0.248694 0.0257452 0.96824 0.680828 0.706379 -0.193654 -0.68893 0.707366 0.158144 0.0208975 -0.0302932 0.0237502 4000 3000 
65 3062.41 3062.41 1958.05 1534.43 0 -0.379452 -0.565367 0.263336 -0.544156 0.0214751 0.838709 0.68936 0.581236 0.432375 -0.478202 0.813452 -0.331087 0.0208975 -0.0302932 0.0237502 4000 3000 
66 3062.41 3062.41 1958.05 1534.43 0 -0.395184 0.319639 0.0971518 -0.953408 -0.00118303 0.301683 0.301646 0.0124592 0.953339 -0.00488656 0.999922 -0.0115218 0.0208975 -0.0302932 0.0237502 4000 3000 
67 3062.41 3062.41 1958.05 1534.43 0 -0.603089 -0.32632 0.517659 0.0425134 0.0307791 0.998622 0.418936 0.906861 -0.0457859 -0.90702 0.420305 0.0256593 0.0208975 -0.0302932 0.0237502 4000 3000 
68 3062.41 3062.41 1958.05 1534.43 0 0.170219 -0.645425 0.624972 -0.93635 0.0153411 -0.350732 -0.172432 0.850138 0.497527 0.305803 0.526337 -0.793381 0.0208975 -0.0302932 0.0237502 4000 3000 
69 3062.41 3062.41 1958.05 1534.43 0 0.10612 -0.660906 0.653291 -0.978042 0.0154496 -0.207835 -0.0967221 0.849698 0.518322 0.184605 0.527043 -0.829546 0.0208975 -0.0302932 0.0237502 4000 3000 
70 3062.41 3062.41 1958.05 1534.43 0 -0.471801 -0.349296 0.1621 0.389292 0.021282 0.920869 0.512409 0.825761 -0.235702 -0.765434 0.563618 0.310557 0.0208975 -0.0302932 0.0237502 4000 3000 
71 3062.41 3062.41 1958.05 1534.43 0 -0.085986 -0.664707 0.830264 0.249572 0.0257932 0.968013 0.683167 0.703778 -0.194886 -0.686292 0.709952 0.158022 0.0208975 -0.0302932 0.0237502 4000 3000 
72 3062.41 3062.41 1958.05 1534.43 0 0.105842 -0.400779 0.591594 -0.953425 0.0140842 0.301302 0.215561 0.730532 0.647963 -0.210985 0.682733 -0.699544 0.0208975 -0.0302932 0.0237502 4000 3000 
73 3062.41 3062.41 1958.05 1534.43 0 0.309944 -0.406708 0.566164 0.234021 0.0142648 0.972127 0.679983 0.712248 -0.174144 -0.69488 0.701783 0.156981 0.0208975 -0.0302932 0.0237502 4000 3000 
74 3062.41 3062.41 1958.05 1534.43 0 0.475886 -0.333147 0.0772437 -0.146165 -0.00269507 -0.989257 -0.808628 0.576385 0.117906 0.569875 0.817174 -0.0864264 0.0208975 -0.0302932 0.0237502 4000 3000 
75 3062.41 3062.41 1958.05 1534.43 0 -0.420475 -0.692076 0.860801 0.976709 0.00100851 -0.214564 -0.151749 0.710217 -0.687433 0.151694 0.703983 0.693828 0.0208975 -0.0302932 0.0237502 4000 3000 
77 3062.41 3062.41 1958.05 1534.43 0 0.626969 0.0368332 0.105638 0.244691 0.0254321 0.969267 0.683752 0.70425 -0.191091 -0.687466 0.709497 0.154934 0.0208975 -0.0302932 0.0237502 4000 3000 
78 3062.41 3062.41 1958.05 1534.43 0 0.392465 -0.31881 0.0757287 0.372801 0.00731998 -0.927882 -0.504224 0.841048 -0.19595 0.778959 0.540911 0.317234 0.0208975 -0.0302932 0.0237502 4000 3000 
79 3062.41 3062.41 1958.05 1534.43 0 0.206265 -1.16403 1.31914 0.999738 0.0017137 -0.0228153 -0.0174926 0.700001 -0.713928 0.0147473 0.71414 0.699847 0.0208975 -0.0302932 0.0237502 4000 3000 
80 3062.41 3062.41 1958.05 1534.43 0 0.0173608 -0.769989 0.634871 -0.999332 0.0132549 0.0340619 0.032961 0.729546 0.683137 -0.0157949 0.683803 -0.729496 0.0208975 -0.0302932 0.0237502 4000 3000 
81 3062.41 3062.41 1958.05 1534.43 0 0.0879665 -0.235714 0.397995 0.243721 0.00782421 0.969814 0.682001 0.709581 -0.177117 -0.689547 0.704581 0.167604 0.0208975 -0.0302932 0.0237502 4000 3000 
82 3062.41 3062.41 1958.05 1534.43 0 0.675371 -0.060726 0.201094 0.244264 0.0299428 0.969246 0.680544 0.706738 -0.19334 -0.690793 0.706841 0.152254 0.0208975 -0.0302932 0.0237502 4000 3000 
83 3062.41 3062.41 1958.05 1534.43 0 -0.386362 -0.256293 0.0850535 0.641798 0.0088477 0.766823 0.547944 0.694281 -0.466616 -0.536519 0.719649 0.44074 0.0208975 -0.0302932 0.0237502 4000 3000 
84 3062.41 3062.41 1958.05 1534.43 0 0.354757 -0.767559 0.935625 0.978534 0.000365696 -0.206085 -0.145551 0.709173 -0.689847 0.145897 0.705034 0.694003 0.0208975 -0.0302932 0.0237502 4000 3000 
85 3062.41 3062.41 1958.05 1534.43 0 -0.288017 -0.635296 0.314992 -0.74469 0.0168437 0.667198 0.549056 0.583805 0.598088 -0.379439 0.811719 -0.444002 0.0208975 -0.0302932 0.0237502 4000 3000 
86 3062.41 3062.41 1958.05 1534.43 0 0.399796 -0.0400132 0.200092 0.244964 0.0283377 0.969118 0.681755 0.705674 -0.192961 -0.68935 0.707969 0.153545 0.0208975 -0.0302932 0.0237502 4000 3000 
87 3062.41 3062.41 1958.05 1534.43 0 -0.0326149 -0.156446 0.341937 -0.951477 0.0295903 0.306292 0.231382 0.724987 0.648734 -0.202862 0.688126 -0.696656 0.0208975 -0.0302932 0.0237502 4000 3000 
88 3062.41 3062.41 1958.05 1534.43 0 0.452829 -1.15032 1.3107 0.999968 0.0077602 -0.00179447 -0.00673645 0.703779 -0.710387 -0.00424983 0.710377 0.703809 0.0208975 -0.0302932 0.0237502 4000 3000 
89 3062.41 3062.41 1958.05 1534.43 0 0.0878904 -0.85512 1.02987 0.963461 0.0042787 -0.267815 -0.19149 0.710125 -0.677535 0.187283 0.704063 0.684997 0.0208975 -0.0302932 0.0237502 4000 3000 
90 3062.41 3062.41 1958.05 1534.43 0 -0.470792 -0.42608 0.618996 -0.266256 -0.0067283 -0.963879 -0.661871 0.728239 0.177748 0.700738 0.68529 -0.198352 0.0208975 -0.0302932 0.0237502 4000 3000 
91 3062.41 3062.41 1958.05 1534.43 0 -0.264276 -0.16484 -0.00844781 0.879134 0.00493446 0.476549 0.342345 0.68911 -0.638691 -0.331546 0.72464 0.604131 0.0208975 -0.0302932 0.0237502 4000 3000 
92 3062.41 3062.41 1958.05 1534.43 0 -0.298352 -0.216483 -0.04877 0.864596 0.011917 0.502327 0.276519 0.823434 -0.495474 -0.419538 0.567287 0.708642 0.0208975 -0.0302932 0.0237502 4000 3000 
93 3062.41 3062.41 1958.05 1534.43 0 0.480098 -0.198481 -0.0104262 0.209915 -0.00143625 -0.977718 -0.763403 0.62454 -0.164819 0.610862 0.780991 0.130004 0.0208975 -0.0302932 0.0237502 4000 3000 
94 3062.41 3062.41 1958.05 1534.43 0 -0.408607 0.130192 0.0963811 -0.955299 -0.0104795 0.295454 0.295303 0.0138996 0.955303 -0.0141178 0.999848 -0.0101837 0.0208975 -0.0302932 0.0237502 4000 3000 
95 3062.41 3062.41 1958.05 1534.43 0 -0.228331 0.0435676 -0.163326 0.926219 0.00921878 0.376874 0.314679 0.531598 -0.786371 -0.207595 0.846946 0.489476 0.0208975 -0.0302932 0.0237502 4000 3000 
96 3062.41 3062.41 1958.05 1534.43 0 -0.291754 -0.504951 0.909432 -0.904295 0.026755 0.42607 0.1944 0.914361 0.355179 -0.380079 0.404015 -0.832053 0.0208975 -0.0302932 0.0237502 4000 3000 
97 3062.41 3062.41 1958.05 1534.43 0 0.429069 -0.115988 0.273683 0.244063 0.0186069 0.969581 0.680066 0.709478 -0.184801 -0.691334 0.704482 0.160503 0.0208975 -0.0302932 0.0237502 4000 3000 
98 3062.41 3062.41 1958.05 1534.43 0 0.132599 0.101014 0.0589247 0.248916 0.0199143 0.96832 0.684298 0.703911 -0.190382 -0.685403 0.710009 0.161588 0.0208975 -0.0302932 0.0237502 4000 3000 
99 3062.41 3062.41 1958.05 1534.43 0 -0.421694 -0.287602 0.489036 -0.954608 0.022582 0.297008 0.219799 0.726356 0.651226 -0.201027 0.686948 -0.698348 0.0208975 -0.0302932 0.0237502 4000 3000 
100 3062.41 3062.41 1958.05 1534.43 0 0.292613 -0.57219 0.769769 -0.946236 0.017254 0.323017 0.233073 0.728808 0.643829 -0.224309 0.684501 -0.693646 0.0208975 -0.0302932 0.0237502 4000 3000 
101 3062.41 3062.41 1958.05 1534.43 0 0.0402581 -0.689256 0.872315 0.975636 0.00888656 -0.219217 -0.15936 0.71546 -0.680236 0.150796 0.698597 0.699445 0.0208975 -0.0302932 0.0237502 4000 3000 
102 3062.41 3062.41 1958.05 1534.43 0 -0.363495 -0.254188 0.445509 -0.265966 -0.00743189 -0.963954 -0.66758 0.722795 0.17862 0.695413 0.691023 -0.1972 0.0208975 -0.0302932 0.0237502 4000 3000 
103 3062.41 3062.41 1958.05 1534.43 0 -0.314344 -0.694517 0.548581 -0.684842 0.0191587 0.728439 0.514051 0.721222 0.464317 -0.516471 0.692439 -0.503772 0.0208975 -0.0302932 0.0237502 4000 3000 
104 3062.41 3062.41 1958.05 1534.43 0 -0.278855 -0.129444 0.0734014 0.956573 0.0166887 0.291015 0.110507 0.903073 -0.415028 -0.269734 0.429164 0.86201 0.0208975 -0.0302932 0.0237502 4000 3000 
105 3062.41 3062.41 1958.05 1534.43 0 0.406925 -1.09872 1.26798 0.999958 0.00471598 -0.00787203 -0.00889847 0.707905 -0.706251 0.00224198 0.706292 0.707918 0.0208975 -0.0302932 0.0237502 4000 3000 
106 3062.41 3062.41 1958.05 1534.43 0 -0.0620232 -0.763917 0.982817 -0.265613 0.005354 -0.964065 -0.659505 0.728389 0.185748 0.703208 0.685143 -0.189939 0.0208975 -0.0302932 0.0237502 4000 3000 
107 3062.41 3062.41 1958.05 1534.43 0 -0.195051 -0.510831 0.712747 -0.288233 0.022301 -0.9573 -0.651008 0.728578 0.212985 0.702218 0.684599 -0.195482 0.0208975 -0.0302932 0.0237502 4000 3000 
108 3062.41 3062.41 1958.05 1534.43 0 0.084329 -0.136372 0.0113355 0.946104 0.00554442 -0.323816 -0.212963 0.763933 -0.609141 0.243997 0.645272 0.723941 0.0208975 -0.0302932 0.0237502 4000 3000 
109 3062.41 3062.41 1958.05 1534.43 0 -0.454946 -0.321406 0.122382 0.486342 0.0185102 0.873572 0.484879 0.825994 -0.287448 -0.726886 0.563375 0.392741 0.0208975 -0.0302932 0.0237502 4000 3000 
110 3062.41 3062.41 1958.05 1534.43 0 0.0322567 -0.508305 0.897933 -0.968152 0.0219134 -0.249401 -0.0802972 0.91636 0.392221 0.237136 0.399756 -0.885416 0.0208975 -0.0302932 0.0237502 4000 3000 
111 3062.41 3062.41 1958.05 1534.43 0 0.187071 -0.195869 -0.568086 0.961504 0.0148298 0.27439 0.127128 0.861249 -0.492025 -0.243615 0.507966 0.826209 0.0208975 -0.0302932 0.0237502 4000 3000 
112 3062.41 3062.41 1958.05 1534.43 0 -0.0193581 0.497326 0.10928 -0.951156 0.00374651 0.308689 0.30871 0.00852339 0.951118 0.000932301 0.999957 -0.00926366 0.0208975 -0.0302932 0.0237502 4000 3000 
113 3062.41 3062.41 1958.05 1534.43 0 0.236819 -0.667668 0.829452 0.251737 0.030796 0.967305 0.678341 0.707271 -0.199053 -0.690277 0.706272 0.157156 0.0208975 -0.0302932 0.0237502 4000 3000 
114 3062.41 3062.41 1958.05 1534.43 0 0.482549 -0.0412951 0.196654 0.244856 0.0292257 0.969119 0.682336 0.704922 -0.193656 -0.688813 0.708683 0.152663 0.0208975 -0.0302932 0.0237502 4000 3000 
115 3062.41 3062.41 1958.05 1534.43 0 -0.14067 -0.430377 0.630635 -0.261727 0.00299682 -0.965137 -0.665947 0.723246 0.182838 0.69858 0.690584 -0.187297 0.0208975 -0.0302932 0.0237502 4000 3000 
116 3062.41 3062.41 1958.05 1534.43 0 0.154081 -0.733257 0.944695 -0.294113 0.0189044 -0.955584 -0.650495 0.728555 0.214625 0.700253 0.684726 -0.201981 0.0208975 -0.0302932 0.0237502 4000 3000 
117 3062.41 3062.41 1958.05 1534.43 0 -0.0336189 -0.548747 0.755558 -0.945838 0.013484 0.324359 0.230638 0.731056 0.642155 -0.228466 0.682185 -0.69457 0.0208975 -0.0302932 0.0237502 4000 3000 
118 3062.41 3062.41 1958.05 1534.43 0 -0.403303 -0.2764 0.0500425 0.652523 0.0146385 0.757628 0.41973 0.825444 -0.37745 -0.630905 0.564294 0.532477 0.0208975 -0.0302932 0.0237502 4000 3000 
119 3062.41 3062.41 1958.05 1534.43 0 0.294931 0.0509708 0.10966 0.245404 0.0213429 0.969186 0.685416 0.703185 -0.189037 -0.685552 0.710686 0.157936 0.0208975 -0.0302932 0.0237502 4000 3000 
120 3062.41 3062.41 1958.05 1534.43 0 0.138664 -0.12328 -0.063918 0.916308 0.00245253 -0.400466 -0.294041 0.683006 -0.668613 0.271881 0.730409 0.626565 0.0208975 -0.0302932 0.0237502 4000 3000 
121 3062.41 3062.41 1958.05 1534.43 0 0.44591 -0.549138 0.35981 -0.380959 0.0144199 -0.924479 -0.63528 0.722399 0.273054 0.671781 0.691326 -0.266044 0.0208975 -0.0302932 0.0237502 4000 3000 
122 3062.41 3062.41 1958.05 1534.43 0 0.177736 -0.58482 0.79044 -0.278499 0.0134866 -0.960342 -0.655646 0.728 0.200361 0.701831 0.685445 -0.193905 0.0208975 -0.0302932 0.0237502 4000 3000 
123 3062.41 3062.41 1958.05 1534.43 0 0.530102 0.0989651 0.0529607 0.246957 0.0267527 0.968657 0.68061 0.706757 -0.19304 -0.689769 0.70695 0.156331 0.0208975 -0.0302932 0.0237502 4000 3000 
124 3062.41 3062.41 1958.05 1534.43 0 0.431126 -0.598857 0.756836 0.977385 0.00803677 -0.211313 -0.154645 0.708728 -0.688323 0.144232 0.705436 0.693943 0.0208975 -0.0302932 0.0237502 4000 3000 
125 3062.41 3062.41 1958.05 1534.43 0 0.260629 0.019039 -0.159028 0.766902 -0.00245184 -0.641759 -0.541445 0.534368 -0.649067 0.344527 0.845248 0.408481 0.0208975 -0.0302932 0.0237502 4000 3000 
126 3062.41 3062.41 1958.05 1534.43 0 -0.264785 0.285875 0.100947 -0.951406 0.00443977 0.307908 0.307937 0.00897415 0.951364 0.00146063 0.99995 -0.00990522 0.0208975 -0.0302932 0.0237502 4000 3000 
127 3062.41 3062.41 1958.05 1534.43 0 0.55943 -0.113913 0.264144 0.241996 0.0205242 0.97006 0.681196 0.708362 -0.184922 -0.690949 0.705551 0.15744 0.0208975 -0.0302932 0.0237502 4000 3000 
128 3062.41 3062.41 1958.05 1534.43 0 0.171862 -0.0444838 -0.135698 0.932977 -0.00207861 -0.35993 -0.26834 0.662454 -0.699391 0.239891 0.7491 0.617497 0.0208975 -0.0302932 0.0237502 4000 3000 
129 3062.41 3062.41 1958.05 1534.43 0 -0.26186 -0.595611 0.805688 -0.264029 -0.000854074 -0.964514 -0.661574 0.727843 0.180457 0.70186 0.685744 -0.192737 0.0208975 -0.0302932 0.0237502 4000 3000 
130 3062.41 3062.41 1958.05 1534.43 0 0.0153068 -0.316919 0.48852 0.251687 0.0271217 0.967429 0.676621 0.709786 -0.195929 -0.691982 0.703895 0.160293 0.0208975 -0.0302932 0.0237502 4000 3000 
131 3062.41 3062.41 1958.05 1534.43 0 0.380119 0.0452234 0.109127 0.244797 0.0224466 0.969315 0.685885 0.702606 -0.189488 -0.6853 0.711225 0.1566 0.0208975 -0.0302932 0.0237502 4000 3000 
132 3062.41 3062.41 1958.05 1534.43 0 0.284041 -0.704801 0.530949 -0.823144 0.0196511 -0.567493 -0.379307 0.724695 0.575277 0.422564 0.68879 -0.589074 0.0208975 -0.0302932 0.0237502 4000 3000 
133 3062.41 3062.41 1958.05 1534.43 0 0.253052 -0.238089 0.396217 0.24142 0.015728 0.970293 0.680704 0.709878 -0.180874 -0.691635 0.704149 0.160673 0.0208975 -0.0302932 0.0237502 4000 3000 
134 3062.41 3062.41 1958.05 1534.43 0 0.0539952 -0.0323035 -0.144054 0.99435 0.00106924 -0.106149 -0.0799814 0.665023 -0.742527 0.0697976 0.746822 0.661351 0.0208975 -0.0302932 0.0237502 4000 3000 
135 3062.41 3062.41 1958.05 1534.43 0 0.55689 -0.433412 0.201706 -0.203898 0.00908596 -0.97895 -0.71646 0.680068 0.155538 0.667166 0.733093 -0.132155 0.0208975 -0.0302932 0.0237502 4000 3000 
136 3062.41 3062.41 1958.05 1534.43 0 0.219468 -0.471972 -0.11037 -0.958871 -0.00913296 -0.283695 -0.283841 0.027303 0.958483 -0.00100805 0.999585 -0.0287724 0.0208975 -0.0302932 0.0237502 4000 3000 
137 3062.41 3062.41 1958.05 1534.43 0 -0.170989 -0.120766 0.0413103 0.998302 0.0152962 0.0562081 0.01037 0.902831 -0.429871 -0.0573218 0.429724 0.901139 0.0208975 -0.0302932 0.0237502 4000 3000 
138 3062.41 3062.41 1958.05 1534.43 0 -0.474899 -0.324404 0.0875471 0.0921789 0.0230213 0.995476 0.813244 0.575138 -0.0886052 -0.574576 0.817733 0.0342936 0.0208975 -0.0302932 0.0237502 4000 3000 
139 3062.41 3062.41 1958.05 1534.43 0 -0.374289 -0.85055 1.0287 0.968512 0.00708083 -0.248865 -0.179953 0.710684 -0.680107 0.172049 0.703476 0.68958 0.0208975 -0.0302932 0.0237502 4000 3000 
140 3062.41 3062.41 1958.05 1534.43 0 0.390215 -0.522875 0.689364 0.973598 0.0183342 -0.227532 -0.171646 0.715899 -0.676777 0.150482 0.697963 0.700145 0.0208975 -0.0302932 0.0237502 4000 3000 
141 3062.41 3062.41 1958.05 1534.43 0 0.224696 -0.731022 0.569062 -0.901025 0.016303 -0.43346 -0.287303 0.726241 0.624525 0.324978 0.687247 -0.649677 0.0208975 -0.0302932 0.0237502 4000 3000 
142 3062.41 3062.41 1958.05 1534.43 0 0.231218 -1.10436 1.26282 0.999943 0.00540643 -0.00916366 -0.0103159 0.7035 -0.710621 0.0026047 0.710675 0.703515 0.0208975 -0.0302932 0.0237502 4000 3000 
143 3062.41 3062.41 1958.05 1534.43 0 0.31839 -1.15737 1.31377 0.999935 0.00618038 -0.0096119 -0.0111867 0.701151 -0.712925 0.00233324 0.712986 0.701174 0.0208975 -0.0302932 0.0237502 4000 3000 
144 3062.41 3062.41 1958.05 1534.43 0 -0.0109841 0.0418656 0.104431 -0.949173 0.0075604 0.314665 0.314714 0.0065472 0.949164 0.00511589 0.99995 -0.00859379 0.0208975 -0.0302932 0.0237502 4000 3000 
145 3062.41 3062.41 1958.05 1534.43 0 0.405233 -0.121923 0.283683 0.250709 0.0273027 0.967677 0.675691 0.710895 -0.195118 -0.693244 0.702768 0.15978 0.0208975 -0.0302932 0.0237502 4000 3000 
146 3062.41 3062.41 1958.05 1534.43 0 -0.286866 0.179318 0.0976932 -0.951874 -0.0134594 0.306193 0.305881 0.0211311 0.951835 -0.0192813 0.999686 -0.0159972 0.0208975 -0.0302932 0.0237502 4000 3000 
147 3062.41 3062.41 1958.05 1534.43 0 0.228222 -0.214938 -0.0764295 0.782017 0.00441287 -0.623241 -0.346687 0.834074 -0.429102 0.517936 0.551635 0.65379 0.0208975 -0.0302932 0.0237502 4000 3000 
148 3062.41 3062.41 1958.05 1534.43 0 0.489925 -1.14966 1.31157 0.999973 0.00717911 -0.0017102 -0.00627465 0.705066 -0.709114 -0.003885 0.709105 0.705092 0.0208975 -0.0302932 0.0237502 4000 3000 
149 3062.41 3062.41 1958.05 1534.43 0 -0.328395 -0.776976 0.943983 0.973347 -0.0118801 -0.229031 -0.153117 0.709817 -0.687542 0.170738 0.704286 0.689079 0.0208975 -0.0302932 0.0237502 4000 3000 
150 3062.41 3062.41 1958.05 1534.43 0 -0.38972 -0.54998 0.324779 -0.327889 0.024642 0.944395 0.707033 0.669415 0.228011 -0.626573 0.74248 -0.236916 0.0208975 -0.0302932 0.0237502 4000 3000 
151 3062.41 3062.41 1958.05 1534.43 0 0.0921737 -0.762191 0.624419 -0.991344 0.0121533 -0.130729 -0.0805671 0.729883 0.678808 0.103667 0.683464 -0.722585 0.0208975 -0.0302932 0.0237502 4000 3000 
152 3062.41 3062.41 1958.05 1534.43 0 0.193569 -0.900001 1.05328 0.92309 -0.00934004 -0.384472 -0.268744 0.699452 -0.662226 0.275105 0.714618 0.643147 0.0208975 -0.0302932 0.0237502 4000 3000 
153 3062.41 3062.41 1958.05 1534.43 0 0.224739 0.252042 0.105818 -0.948866 0.00848132 0.315565 0.31564 0.0097782 0.948829 0.00496166 0.999916 -0.0119552 0.0208975 -0.0302932 0.0237502 4000 3000 
154 3062.41 3062.41 1958.05 1534.43 0 -0.133778 -0.734926 0.905916 0.274868 -0.00126296 0.961481 0.678608 0.708672 -0.193069 -0.681131 0.705537 0.195648 0.0208975 -0.0302932 0.0237502 4000 3000 
155 3062.41 3062.41 1958.05 1534.43 0 -0.196371 -0.261 0.452723 -0.263291 -0.0011165 -0.964716 -0.670574 0.719125 0.182181 0.693547 0.69488 -0.190088 0.0208975 -0.0302932 0.0237502 4000 3000 
156 3062.41 3062.41 1958.05 1534.43 0 0.117926 -0.487301 0.675328 -0.943171 0.0330847 0.330656 0.251856 0.720298 0.646328 -0.216787 0.692875 -0.687697 0.0208975 -0.0302932 0.0237502 4000 3000 
157 3062.41 3062.41 1958.05 1534.43 0 -0.194946 -0.147104 0.337036 -0.952081 0.0277621 0.304583 0.228682 0.725907 0.648663 -0.203091 0.687232 -0.697471 0.0208975 -0.0302932 0.0237502 4000 3000 
158 3062.41 3062.41 1958.05 1534.43 0 -0.3291 -0.139586 0.0959398 0.917994 0.0165195 0.396251 0.156636 0.902803 -0.400516 -0.364353 0.429738 0.826179 0.0208975 -0.0302932 0.0237502 4000 3000 
159 3062.41 3062.41 1958.05 1534.43 0 -0.494608 -0.451112 0.311991 0.0203618 0.0256458 0.999464 0.560662 0.827401 -0.0326529 -0.827795 0.561026 0.00246873 0.0208975 -0.0302932 0.0237502 4000 3000 
160 3062.41 3062.41 1958.05 1534.43 0 0.295198 -0.178824 0.352337 -0.948019 0.0369894 0.316058 0.242529 0.726994 0.642386 -0.206011 0.685647 -0.698175 0.0208975 -0.0302932 0.0237502 4000 3000 
161 3062.41 3062.41 1958.05 1534.43 0 0.224057 -0.0367368 0.204527 0.247844 0.0233609 0.968518 0.682568 0.705237 -0.19168 -0.687513 0.708586 0.158843 0.0208975 -0.0302932 0.0237502 4000 3000 
162 3062.41 3062.41 1958.05 1534.43 0 -0.410323 -0.584308 0.41852 -0.309885 0.0179111 0.950605 0.674112 0.709208 0.206389 -0.670481 0.704771 -0.231847 0.0208975 -0.0302932 0.0237502 4000 3000 
163 3062.41 3062.41 1958.05 1534.43 0 -0.43252 -0.29552 0.0814254 0.580952 0.0161607 0.813777 0.451702 0.825312 -0.338858 -0.677097 0.564445 0.472167 0.0208975 -0.0302932 0.0237502 4000 3000 
164 3062.41 3062.41 1958.05 1534.43 0 -0.0716303 -0.538693 0.703681 0.974821 0.00958505 -0.222784 -0.16289 0.712911 -0.682073 0.152288 0.701189 0.696522 0.0208975 -0.0302932 0.0237502 4000 3000 
165 3062.41 3062.41 1958.05 1534.43 0 -0.329717 -0.203763 0.0321517 0.78105 0.00680555 0.624432 0.446669 0.69271 -0.566251 -0.436404 0.721184 0.538001 0.0208975 -0.0302932 0.0237502 4000 3000 
166 3062.41 3062.41 1958.05 1534.43 0 -0.223673 -0.673183 0.644281 -0.870132 0.0259927 0.492133 0.28465 0.841695 0.45883 -0.402299 0.539328 -0.739784 0.0208975 -0.0302932 0.0237502 4000 3000 
167 3062.41 3062.41 1958.05 1534.43 0 -0.518594 -0.221359 0.276858 0.55771 0.0224696 0.829732 0.345279 0.90276 -0.256529 -0.754813 0.429558 0.49572 0.0208975 -0.0302932 0.0237502 4000 3000 
168 3062.41 3062.41 1958.05 1534.43 0 0.520443 -0.371771 0.0927774 -0.23696 0.00657824 -0.971497 -0.805983 0.556998 0.200361 0.54244 0.830488 -0.126684 0.0208975 -0.0302932 0.0237502 4000 3000 
169 3062.41 3062.41 1958.05 1534.43 0 -0.194504 -0.135106 -0.0382695 0.948067 0.00444502 0.31804 0.228049 0.687533 -0.689414 -0.221728 0.726139 0.650814 0.0208975 -0.0302932 0.0237502 4000 3000 
170 3062.41 3062.41 1958.05 1534.43 0 -0.126637 -0.692393 0.874098 0.974853 0.00798128 -0.222705 -0.161468 0.714059 -0.68121 0.153587 0.70004 0.697391 0.0208975 -0.0302932 0.0237502 4000 3000 
171 3062.41 3062.41 1958.05 1534.43 0 0.482962 -0.122711 0.281665 0.245982 0.0267716 0.968904 0.676143 0.711498 -0.191316 -0.694495 0.702178 0.156915 0.0208975 -0.0302932 0.0237502 4000 3000 
172 3062.41 3062.41 1958.05 1534.43 0 0.205477 -0.686974 0.866974 0.975801 0.0124443 -0.218305 -0.161105 0.715947 -0.679312 0.147841 0.698044 0.700627 0.0208975 -0.0302932 0.0237502 4000 3000 
173 3062.41 3062.41 1958.05 1534.43 0 -0.0025711 -0.749808 0.516678 -0.985785 0.0155342 0.167292 0.132119 0.686789 0.714748 -0.103791 0.72669 -0.679079 0.0208975 -0.0302932 0.0237502 4000 3000 
174 3062.41 3062.41 1958.05 1534.43 0 -0.0271304 -0.840853 0.994936 0.290445 0.0219512 0.95664 0.679124 0.699571 -0.222241 -0.674116 0.714226 0.188279 0.0208975 -0.0302932 0.0237502 4000 3000 
175 3062.41 3062.41 1958.05 1534.43 0 0.13433 -1.10916 1.25581 0.999982 0.00233088 -0.00545458 -0.00552548 0.700484 -0.713647 0.00215742 0.713664 0.700485 0.0208975 -0.0302932 0.0237502 4000 3000 
176 3062.41 3062.41 1958.05 1534.43 0 0.492044 -0.119829 0.282486 0.242397 0.023631 0.969889 0.675679 0.713282 -0.186246 -0.696206 0.700479 0.15693 0.0208975 -0.0302932 0.0237502 4000 3000 
177 3062.41 3062.41 1958.05 1534.43 0 0.105944 -0.700343 0.346926 -0.989604 0.0166502 -0.142854 -0.106091 0.586122 0.803247 0.0971042 0.810052 -0.578262 0.0208975 -0.0302932 0.0237502 4000 3000 
178 3062.41 3062.41 1958.05 1534.43 0 0.349739 -0.657948 0.420613 -0.801361 0.0104442 -0.59809 -0.428129 0.688269 0.585654 0.417764 0.72538 -0.54708 0.0208975 -0.0302932 0.0237502 4000 3000 
179 3062.41 3062.41 1958.05 1534.43 0 0.0502968 -0.108498 -0.0749415 0.975485 0.00536448 -0.22 -0.164666 0.681004 -0.713526 0.145993 0.73226 0.665192 0.0208975 -0.0302932 0.0237502 4000 3000 
180 3062.41 3062.41 1958.05 1534.43 0 0.132665 -0.0370897 -0.141491 0.963255 -0.00205691 -0.268581 -0.199564 0.663781 -0.720811 0.179762 0.747924 0.63898 0.0208975 -0.0302932 0.0237502 4000 3000 
181 3062.41 3062.41 1958.05 1534.43 0 0.119487 -0.488256 0.661447 0.237313 0.0299785 0.970971 0.679487 0.7092 -0.187968 -0.694248 0.704369 0.147932 0.0208975 -0.0302932 0.0237502 4000 3000 
182 3062.41 3062.41 1958.05 1534.43 0 -0.300517 0.000785402 -0.138196 0.845766 0.0121869 0.533414 0.444843 0.535912 -0.717574 -0.294608 0.844186 0.447835 0.0208975 -0.0302932 0.0237502 4000 3000 
183 3062.41 3062.41 1958.05 1534.43 0 0.163168 -0.482318 0.831585 -0.854012 0.0248989 -0.519657 -0.188738 0.915979 0.354063 0.484811 0.400453 -0.777558 0.0208975 -0.0302932 0.0237502 4000 3000 
184 3062.41 3062.41 1958.05 1534.43 0 -0.0373028 -0.684848 0.674563 -0.995366 0.0201433 0.0940242 0.0671573 0.845446 0.529821 -0.06882 0.533681 -0.842881 0.0208975 -0.0302932 0.0237502 4000 3000 
185 3062.41 3062.41 1958.05 1534.43 0 0.176968 -0.322121 0.487343 0.25409 0.0304015 0.966703 0.675163 0.710097 -0.199793 -0.692527 0.703447 0.159903 0.0208975 -0.0302932 0.0237502 4000 3000 
186 3062.41 3062.41 1958.05 1534.43 0 -0.323929 -0.164448 -0.0200769 0.708886 0.0105623 0.705244 0.527616 0.655628 -0.54016 -0.468083 0.75501 0.459193 0.0208975 -0.0302932 0.0237502 4000 3000 
187 3062.41 3062.41 1958.05 1534.43 0 -0.35663 -0.506253 0.70635 -0.288281 0.0189222 -0.957359 -0.652033 0.728315 0.210736 0.701247 0.684981 -0.197621 0.0208975 -0.0302932 0.0237502 4000 3000 
188 3062.41 3062.41 1958.05 1534.43 0 0.279782 -0.205536 0.0848829 0.696083 0.00598627 -0.717936 -0.461571 0.769662 -0.441104 0.549927 0.638424 0.538512 0.0208975 -0.0302932 0.0237502 4000 3000 
189 3062.41 3062.41 1958.05 1534.43 0 0.336522 0.0475137 0.109092 0.245279 0.0221867 0.969199 0.685479 0.702981 -0.189569 -0.685534 0.710862 0.157218 0.0208975 -0.0302932 0.0237502 4000 3000 
190 3062.41 3062.41 1958.05 1534.43 0 -0.121425 -0.564432 0.737516 0.238456 0.000837633 0.971153 0.683442 0.71031 -0.168424 -0.689961 0.703888 0.168805 0.0208975 -0.0302932 0.0237502 4000 3000 
191 3062.41 3062.41 1958.05 1534.43 0 0.231409 -0.654052 0.311458 -0.903431 0.0153451 -0.428458 -0.338476 0.587853 0.734754 0.263145 0.808822 -0.525891 0.0208975 -0.0302932 0.0237502 4000 3000 
192 3062.41 3062.41 1958.05 1534.43 0 0.539369 -0.213841 0.00965325 0.140378 -0.00241361 -0.990095 -0.774599 0.622574 -0.111342 0.616676 0.782557 0.0855264 0.0208975 -0.0302932 0.0237502 4000 3000 
193 3062.41 3062.41 1958.05 1534.43 0 -0.0405736 -0.710393 0.362127 -0.986321 0.0137815 0.164257 0.14113 0.585449 0.79833 -0.0851621 0.810592 -0.579386 0.0208975 -0.0302932 0.0237502 4000 3000 
194 3062.41 3062.41 1958.05 1534.43 0 0.246685 -0.0669249 -0.118685 0.857169 -0.00231199 -0.515029 -0.384038 0.663457 -0.642137 0.343184 0.748211 0.567807 0.0208975 -0.0302932 0.0237502 4000 3000 
195 3062.41 3062.41 1958.05 1534.43 0 -0.0273588 -0.40552 0.569905 0.237924 -0.00579264 0.971267 0.683641 0.711332 -0.163224 -0.689947 0.702832 0.173203 0.0208975 -0.0302932 0.0237502 4000 3000 
196 3062.41 3062.41 1958.05 1534.43 0 0.129788 -0.617103 0.776664 0.97899 -0.000677151 -0.203906 -0.143919 0.706106 -0.693327 0.144449 0.708106 0.691173 0.0208975 -0.0302932 0.0237502 4000 3000 
197 3062.41 3062.41 1958.05 1534.43 0 0.0956807 -0.76863 0.983194 -0.268676 0.00762255 -0.9632 -0.65869 0.72816 0.189498 0.702809 0.685365 -0.190618 0.0208975 -0.0302932 0.0237502 4000 3000 
198 3062.41 3062.41 1958.05 1534.43 0 0.376333 -0.451829 0.608225 0.978204 -7.21988e-05 -0.207646 -0.146309 0.709358 -0.689496 0.147345 0.704848 0.693886 0.0208975 -0.0302932 0.0237502 4000 3000 
199 3062.41 3062.41 1958.05 1534.43 0 -0.151604 -0.39822 0.571679 0.230644 -0.00118153 0.973037 0.683164 0.712281 -0.161069 -0.692885 0.701894 0.165091 0.0208975 -0.0302932 0.0237502 4000 3000 
200 3062.41 3062.41 1958.05 1534.43 0 -0.349056 -0.625115 0.575704 -0.66336 0.0249877 0.747883 0.423054 0.836912 0.34728 -0.617235 0.546766 -0.565746 0.0208975 -0.0302932 0.0237502 4000 3000 
201 3062.41 3062.41 1958.05 1534.43 0 -0.342633 0.400909 0.0880109 -0.95606 -0.0202998 0.292467 0.292034 0.0218224 0.956159 -0.0257922 0.999556 -0.0149353 0.0208975 -0.0302932 0.0237502 4000 3000 
202 3062.41 3062.41 1958.05 1534.43 0 0.270989 -0.236038 -0.0483482 0.702334 0.0053868 -0.711828 -0.393777 0.835981 -0.382199 0.593015 0.548732 0.589259 0.0208975 -0.0302932 0.0237502 4000 3000 
203 3062.41 3062.41 1958.05 1534.43 0 0.482911 0.0423462 0.106717 0.243974 0.0218655 0.969535 0.685809 0.702965 -0.188431 -0.68567 0.710888 0.15651 0.0208975 -0.0302932 0.0237502 4000 3000 
204 3062.41 3062.41 1958.05 1534.43 0 -0.437402 -0.60336 0.808893 -0.943206 0.0239492 0.331343 0.244664 0.72478 0.644076 -0.224726 0.688564 -0.689476 0.0208975 -0.0302932 0.0237502 4000 3000 
205 3062.41 3062.41 1958.05 1534.43 0 0.217386 0.0466075 0.116975 0.244978 0.0206669 0.969308 0.681692 0.707241 -0.187366 -0.689407 0.70667 0.15917 0.0208975 -0.0302932 0.0237502 4000 3000 
206 3062.41 3062.41 1958.05 1534.43 0 -0.352504 -0.60809 0.379543 -0.500363 0.0239698 0.865484 0.648927 0.672135 0.35655 -0.573176 0.740041 -0.351866 0.0208975 -0.0302932 0.0237502 4000 3000 
207 3062.41 3062.41 1958.05 1534.43 0 -0.221578 -0.763213 0.980032 -0.262697 -0.000166928 -0.964878 -0.662173 0.727372 0.180157 0.701795 0.686243 -0.191189 0.0208975 -0.0302932 0.0237502 4000 3000 
